[gd_scene load_steps=28 format=3 uid="uid://bfvhhew1rxjs0"]

[ext_resource type="Script" uid="uid://bj1k5pv1qprri" path="res://level/base_level.gd" id="1_ehgmg"]
[ext_resource type="PackedScene" uid="uid://bcvho024kiqga" path="res://character/CharacterInstance.tscn" id="2_og642"]
[ext_resource type="PackedScene" uid="uid://cvbkcnravdnej" path="res://level/utils/level_music_player/LevelMusicPlayer.tscn" id="3_1booi"]
[ext_resource type="PackedScene" uid="uid://du5lfj2lpryh8" path="res://ui/huds/level_hud/LevelHUD.tscn" id="4_ove64"]
[ext_resource type="Material" uid="uid://h0r4shlt6jqo" path="res://level/template_assets/material/dark_grid_texture.tres" id="5_mq3vy"]
[ext_resource type="PackedScene" uid="uid://squnuur682wi" path="res://level/collectibles/scene/BaseCollectible.tscn" id="6_ebyyx"]
[ext_resource type="PackedScene" uid="uid://dlowoj1ptc3wl" path="res://level/collectibles/assets/base/godot_plushV2.glb" id="6_q7iuu"]
[ext_resource type="PackedScene" uid="uid://donkxcqkw68d4" path="res://level/assets/decoration/Tree.tscn" id="7_1booi"]
[ext_resource type="Material" uid="uid://bwr2uhkx8pf3h" path="res://level/template_assets/material/water.tres" id="7_og642"]
[ext_resource type="PackedScene" uid="uid://crxufspl5lqpb" path="res://level/assets/grabbable/clouds/GrababbleCloud.tscn" id="8_1booi"]
[ext_resource type="PackedScene" uid="uid://cbqvw8ulit3kj" path="res://level/assets/BaseCheckpoint.tscn" id="8_4jlt8"]
[ext_resource type="PackedScene" uid="uid://bufgfitu7r2tc" path="res://level/assets/decoration/models/rocks/Rock.glb" id="8_mq3vy"]
[ext_resource type="PackedScene" uid="uid://bkicetda7rjxa" path="res://level/utils/stopwatch/Stopwatch.tscn" id="9_21non"]
[ext_resource type="PackedScene" uid="uid://br70t0g51amx8" path="res://level/assets/decoration/models/flowers/glb/flower1.glb" id="9_58hut"]
[ext_resource type="PackedScene" uid="uid://c7pg5cdosq1p1" path="res://level/assets/decoration/AssetRandomRotator.tscn" id="10_8dqi2"]
[ext_resource type="PackedScene" uid="uid://pd1lku6503f" path="res://level/assets/decoration/models/flowers/RandomFlower.tscn" id="15_58hut"]

[sub_resource type="Gradient" id="Gradient_3ue7i"]
interpolation_mode = 2
offsets = PackedFloat32Array(0.595745, 0.648936)
colors = PackedColorArray(0.46, 0.964, 1, 1, 1, 1, 1, 1)

[sub_resource type="FastNoiseLite" id="FastNoiseLite_q7iuu"]
seed = 1
fractal_octaves = 3

[sub_resource type="NoiseTexture2D" id="NoiseTexture2D_4jlt8"]
seamless = true
color_ramp = SubResource("Gradient_3ue7i")
noise = SubResource("FastNoiseLite_q7iuu")

[sub_resource type="ProceduralSkyMaterial" id="ProceduralSkyMaterial_0g43g"]
sky_top_color = Color(0.11, 1, 0.881333, 1)
sky_horizon_color = Color(0.883333, 0.65, 1, 1)
sky_cover = SubResource("NoiseTexture2D_4jlt8")
sky_cover_modulate = Color(0.744, 0.04, 1, 1)
ground_bottom_color = Color(0.2805, 0.55, 0.419742, 1)
ground_horizon_color = Color(0.883333, 0.65, 1, 1)

[sub_resource type="Sky" id="Sky_ebyyx"]
sky_material = SubResource("ProceduralSkyMaterial_0g43g")

[sub_resource type="Environment" id="Environment_ehgmg"]
background_mode = 2
sky = SubResource("Sky_ebyyx")
ambient_light_source = 3
ambient_light_color = Color(1, 1, 1, 1)
reflected_light_source = 2
tonemap_mode = 2
tonemap_exposure = 1.05
tonemap_white = 0.95
ssao_enabled = true
ssao_radius = 2.0
ssao_intensity = 1.4

[sub_resource type="Curve" id="Curve_58hut"]
_limits = [0.0, 2.0, 0.0, 1.0]
_data = [Vector2(0, 2), 0.0, 0.0, 0, 0, Vector2(0.321138, 2), 0.0, 0.0, 0, 0, Vector2(1, 0), 0.0, 0.0, 0, 0]
point_count = 3

[sub_resource type="Curve" id="Curve_q7iuu"]
_limits = [0.0, 1.5, 0.0, 1.0]
_data = [Vector2(0, 1.5), 0.0, 0.0, 0, 0, Vector2(0.130081, 0.859551), 0.0, 0.0, 0, 0, Vector2(0.528455, 1.17978), 0.0, 0.0, 0, 0, Vector2(0.646341, 0.404494), 0.0, 0.0, 0, 0, Vector2(1, 0), 0.0, 0.0, 0, 0]
point_count = 5

[sub_resource type="Curve" id="Curve_1booi"]
_limits = [0.0, 4.0, 0.0, 1.0]
_data = [Vector2(0, 4), 0.0, 0.0, 0, 0, Vector2(0.325203, 4), 0.0, 0.0, 0, 0, Vector2(1, 0), 0.0, 0.0, 0, 0]
point_count = 3

[sub_resource type="Curve" id="Curve_ove64"]
_limits = [0.0, 5.0, 0.0, 1.0]
_data = [Vector2(0, 2.19005), 0.0, 0.0, 0, 0, Vector2(0.410569, 3.76405), 0.0, 0.0, 0, 0, Vector2(1, 0), 0.0, 0.0, 0, 0]
point_count = 3

[sub_resource type="Curve" id="Curve_mq3vy"]
_limits = [0.0, 3.0, 0.0, 1.0]
_data = [Vector2(0, 3), 0.0, 0.0, 0, 0, Vector2(1, 0), 0.0, 0.0, 0, 0]
point_count = 2

[node name="LevelTower" type="Node3D"]
script = ExtResource("1_ehgmg")
level_down_limit = -40.0

[node name="CharacterInstance" parent="." instance=ExtResource("2_og642")]
unique_name_in_owner = true
transform = Transform3D(1, 0, 0, 0, 1, 0, 0, 0, 1, 0, 0.781425, 0)

[node name="WorldEnvironment" type="WorldEnvironment" parent="."]
unique_name_in_owner = true
environment = SubResource("Environment_ehgmg")

[node name="DirectionalLight3D" type="DirectionalLight3D" parent="."]
transform = Transform3D(1, 0, 0, 0, -4.37114e-08, 1, 0, -1, -4.37114e-08, -8.67946, 100, 8.76321)
shadow_enabled = true

[node name="LevelMusicPlayer" parent="." instance=ExtResource("3_1booi")]

[node name="LevelHud" parent="." instance=ExtResource("4_ove64")]
unique_name_in_owner = true

[node name="Geometry" type="Node3D" parent="."]

[node name="CSGTower" type="CSGCombiner3D" parent="Geometry"]
material_override = ExtResource("5_mq3vy")
use_collision = true
collision_layer = 6

[node name="CSGCylinder3D" type="CSGCylinder3D" parent="Geometry/CSGTower"]
transform = Transform3D(1, 0, 0, 0, 1, 0, 0, 0, 1, 0, 13.7837, 259.421)
radius = 25.0
height = 293.189
material = ExtResource("5_mq3vy")

[node name="CSGBox3D35" type="CSGBox3D" parent="Geometry/CSGTower"]
transform = Transform3D(0.0194439, 0.1199, 0.992595, -0.220736, 0.9688, -0.112702, -0.975139, -0.21691, 0.0453038, -17.0951, 97.1676, 259.337)
operation = 2
size = Vector3(42, 4, 3)
material = ExtResource("5_mq3vy")

[node name="CSGBox3D" type="CSGBox3D" parent="Geometry/CSGTower"]
transform = Transform3D(1, 0, 0, 0, 1, 0, 0, 0, 1, 8, 152.495, 274.595)
operation = 2
size = Vector3(37, 16, 31)

[node name="CSGBox3D2" type="CSGBox3D" parent="Geometry/CSGTower"]
transform = Transform3D(1, 0, 0, 0, 1, 0, 0, 0, 1, 18.3005, 158.967, 251.752)
operation = 2
size = Vector3(37, 12.6724, 17.3508)

[node name="CSGBox3D3" type="CSGBox3D" parent="Geometry/CSGTower"]
transform = Transform3D(1, 0, 0, 0, 1, 0, 0, 0, 1, -4.35107, 153.085, 258.385)
operation = 2
size = Vector3(29.5479, 7.45508, 17.3508)

[node name="CSGBox3D4" type="CSGBox3D" parent="Geometry/CSGTower"]
transform = Transform3D(1, 0, 0, 0, 1, 0, 0, 0, 1, -16.5654, 153.085, 264.44)
operation = 2
size = Vector3(5.11914, 7.45508, 17.3508)

[node name="CSGCylinder3D2" type="CSGCylinder3D" parent="Geometry/CSGTower"]
transform = Transform3D(1, 0, 0, 0, -1, -8.74228e-08, 0, 8.74228e-08, -1, 5.08617, 142.545, 269.595)
operation = 2
radius = 10.0
height = 4.0
cone = true

[node name="godot_plushV2" parent="Geometry/CSGTower" instance=ExtResource("6_q7iuu")]
transform = Transform3D(1, 0, 0, 0, 1, 0, 0, 0, 1, -3.88332, -134.158, 260.025)

[node name="godot_plush_01" parent="Geometry/CSGTower/godot_plushV2" index="0"]
visible = false

[node name="godot_plush_sitted" parent="Geometry/CSGTower/godot_plushV2" index="1"]
transform = Transform3D(1, 0, 0, 0, 1, 0, 0, 0, 1, 0, 1.09119, 0)

[node name="godot_plush_02" parent="Geometry/CSGTower/godot_plushV2" index="2"]
visible = false

[node name="CSGGrounds" type="CSGCombiner3D" parent="Geometry"]
use_collision = true
collision_layer = 6

[node name="CSGBox3D" type="CSGCylinder3D" parent="Geometry/CSGGrounds"]
transform = Transform3D(1, 0, 0, 0, 1, 0, 0, 0, 1, 0, -17.6687, 0)
radius = 4.0
height = 34.3804
material = ExtResource("5_mq3vy")

[node name="CSGBox3D4" type="CSGBox3D" parent="Geometry/CSGGrounds"]
transform = Transform3D(1, 0, 0, 0, 1, 0, 0, 0, 1, -9, -5.5, -27)
size = Vector3(5, 12, 5)
material = ExtResource("5_mq3vy")

[node name="CSGBox3D5" type="CSGBox3D" parent="Geometry/CSGGrounds"]
transform = Transform3D(1, 0, 0, 0, 1, 0, 0, 0, 1, 9, -7, -27)
size = Vector3(5, 15, 5)
material = ExtResource("5_mq3vy")

[node name="CSGBox3D6" type="CSGBox3D" parent="Geometry/CSGGrounds"]
transform = Transform3D(1, 0, 0, 0, 1, 0, 0, 0, 1, 0, -13.5, -32)
size = Vector3(23, 38, 5)
material = ExtResource("5_mq3vy")

[node name="CSGBox3D7" type="CSGBox3D" parent="Geometry/CSGGrounds"]
transform = Transform3D(1, 0, 0, 0, 1, 0, 0, 0, 1, 0, 2.5, -32.5)
operation = 2
size = Vector3(5, 4, 4)
material = ExtResource("5_mq3vy")

[node name="CSGBox3D2" type="CSGBox3D" parent="Geometry/CSGGrounds"]
transform = Transform3D(-1, 0, -8.74228e-08, 0, 1, 0, 8.74228e-08, 0, -1, 1.96701e-07, -10, -10.5)
size = Vector3(5, 15, 7)
material = ExtResource("5_mq3vy")

[node name="CSGBox3D3" type="CSGBox3D" parent="Geometry/CSGGrounds"]
transform = Transform3D(-1, 0, -8.74228e-08, 0, 1, 0, 8.74228e-08, 0, -1, -1.96701e-07, -10, -15)
size = Vector3(23, 21, 4)
material = ExtResource("5_mq3vy")

[node name="CSGBox3D8" type="CSGBox3D" parent="Geometry/CSGGrounds"]
transform = Transform3D(-1, 0, -8.74228e-08, 0, 1, 0, 8.74228e-08, 0, -1, -1.96701e-07, -3, -53)
size = Vector3(23, 7, 4)
material = ExtResource("5_mq3vy")

[node name="CSGBox3D9" type="CSGBox3D" parent="Geometry/CSGGrounds"]
transform = Transform3D(-0.836516, -0.224144, 0.5, -0.258819, 0.965926, -2.26267e-08, -0.482963, -0.12941, -0.866025, 19.4483, 1.06815, -47.7412)
size = Vector3(23, 5, 4)
material = ExtResource("5_mq3vy")

[node name="CSGBox3D10" type="CSGBox3D" parent="Geometry/CSGGrounds"]
transform = Transform3D(-0.474445, -0.224144, 0.851271, -0.224144, 0.965926, 0.129409, -0.851271, -0.12941, -0.508519, 33.3148, 7.20413, -33.6865)
size = Vector3(23, 3, 4)
material = ExtResource("5_mq3vy")

[node name="CSGBox3D12" type="CSGBox3D" parent="Geometry/CSGGrounds"]
transform = Transform3D(1, 0, 0, 0, 1, 0, 0, 0, 1, 32.5, 12, 252)
size = Vector3(24, 1, 4)
material = ExtResource("5_mq3vy")

[node name="CSGBox3D13" type="CSGBox3D" parent="Geometry/CSGGrounds"]
transform = Transform3D(0.393062, 0.105321, -0.91346, -0.258819, 0.965926, -8.19819e-09, 0.882335, 0.236421, 0.406928, 21.5403, 13.4149, 246.321)
size = Vector3(13.1218, 1, 4)
material = ExtResource("5_mq3vy")

[node name="CSGBox3D14" type="CSGBox3D" parent="Geometry/CSGGrounds"]
transform = Transform3D(0.9381, -0.0165862, -0.345968, -0.0165862, 0.995556, -0.0927018, 0.345968, 0.0927018, 0.933655, 9.54028, 16.4149, 237.321)
size = Vector3(13.1218, 1, 4)
material = ExtResource("5_mq3vy")

[node name="CSGBox3D15" type="CSGBox3D" parent="Geometry/CSGGrounds"]
transform = Transform3D(0.872741, 0.309657, 0.377405, -0.251022, 0.947703, -0.197097, -0.4187, 0.0772783, 0.90483, -8.71567, 20.7761, 237.924)
size = Vector3(16, 1, 4)
material = ExtResource("5_mq3vy")

[node name="CSGBox3D11" type="CSGBox3D" parent="Geometry/CSGGrounds"]
transform = Transform3D(1, 0, 0, 0, 1, 0, 0, 0, 1, 40, 12, 115.5)
size = Vector3(3, 1, 271)
material = ExtResource("5_mq3vy")

[node name="CSGCylinder3D" type="CSGCylinder3D" parent="Geometry/CSGGrounds"]
transform = Transform3D(-3.78552e-08, 0.866025, -0.5, -1, -4.37114e-08, 0, -2.18557e-08, 0.5, 0.866025, -21.7645, 26.8583, 249.559)
material = ExtResource("5_mq3vy")

[node name="CSGBox3D16" type="CSGBox3D" parent="Geometry/CSGGrounds"]
transform = Transform3D(0.321056, 0.273604, 0.906677, -0.251022, 0.947703, -0.197097, -0.913187, -0.164316, 0.372946, -24.7157, 27.6495, 249.924)
size = Vector3(16, 1, 4)
material = ExtResource("5_mq3vy")

[node name="CSGBox3D17" type="CSGBox3D" parent="Geometry/CSGGrounds"]
transform = Transform3D(-0.452545, 0.00894678, 0.891697, -0.13835, 0.987137, -0.0801183, -0.880943, -0.159623, -0.445486, -20.2614, 32.6565, 272.441)
size = Vector3(28.0347, 1, 4)
material = ExtResource("5_mq3vy")

[node name="CSGBox3D19" type="CSGBox3D" parent="Geometry/CSGGrounds"]
transform = Transform3D(0.967099, 0, -0.254399, 0, 1, 0, 0.254399, 0, 0.967099, -16.692, 39.0399, 277.712)
size = Vector3(4.68738, 1, 7)
material = ExtResource("5_mq3vy")

[node name="CSGBox3D20" type="CSGBox3D" parent="Geometry/CSGGrounds"]
transform = Transform3D(0.967099, 0, -0.254399, 0, 1, 0, 0.254399, 0, 0.967099, -18.3478, 41.0399, 276.759)
size = Vector3(1, 5, 8)
material = ExtResource("5_mq3vy")

[node name="CSGBox3D18" type="CSGBox3D" parent="Geometry/CSGGrounds"]
transform = Transform3D(-0.918732, -0.113099, 0.378338, -0.158911, 0.982993, -0.0920363, -0.361494, -0.144679, -0.921081, -6.98783, 46.208, 282.391)
size = Vector3(24.8711, 1, 4)
material = ExtResource("5_mq3vy")

[node name="CSGBox3D21" type="CSGBox3D" parent="Geometry/CSGGrounds"]
transform = Transform3D(0.974082, 0, -0.226193, 0, 1, 0, 0.226192, 0, 0.974083, -17.9143, 44.5661, 278.758)
operation = 2
size = Vector3(3, 1.94775, 3.34515)
material = ExtResource("5_mq3vy")

[node name="CSGBox3D22" type="CSGBox3D" parent="Geometry/CSGGrounds"]
transform = Transform3D(-0.898474, -0.247711, -0.362469, -0.242591, 0.968248, -0.0603758, 0.365915, 0.0336853, -0.930038, 11.3893, 49.416, 279.649)
size = Vector3(24.8711, 1, 4)
material = ExtResource("5_mq3vy")

[node name="CSGBox3D23" type="CSGBox3D" parent="Geometry/CSGGrounds"]
transform = Transform3D(-0.413634, -0.0998545, -0.904951, -0.260813, 0.965306, 0.0126984, 0.872286, 0.241276, -0.425327, 28.6281, 57.9787, 267.266)
size = Vector3(12, 1, 4)
material = ExtResource("5_mq3vy")

[node name="CSGCylinder3D2" type="CSGCylinder3D" parent="Geometry/CSGGrounds"]
transform = Transform3D(-4.37114e-08, -0.908392, -0.418121, 1, -3.97071e-08, -1.82766e-08, 0, -0.418121, 0.908392, 26.6833, 67.6164, 261.762)
height = 6.0459
material = ExtResource("5_mq3vy")

[node name="CSGCylinder3D3" type="CSGCylinder3D" parent="Geometry/CSGGrounds"]
transform = Transform3D(-4.37114e-08, -0.908392, -0.418121, 1, -3.97071e-08, -1.82766e-08, 0, -0.418121, 0.908392, 24.4396, 65.2377, 270.235)
height = 9.39111
material = ExtResource("5_mq3vy")

[node name="CSGCylinder3D4" type="CSGCylinder3D" parent="Geometry/CSGGrounds"]
transform = Transform3D(1, 0, 0, 0, 1, 0, 0, 0, 1, 28.1943, 60.8285, 271.837)
radius = 0.11
height = 8.0
material = ExtResource("5_mq3vy")

[node name="CSGCylinder3D5" type="CSGCylinder3D" parent="Geometry/CSGGrounds"]
transform = Transform3D(1, 0, 0, 0, 1, 0, 0, 0, 1, 29.0202, 63.2688, 263.106)
radius = 0.11
height = 8.0
material = ExtResource("5_mq3vy")

[node name="CSGBox3D25" type="CSGBox3D" parent="Geometry/CSGGrounds"]
transform = Transform3D(0.395957, 0.042635, -0.917279, -0.18391, 0.982364, -0.0337269, 0.899664, 0.182051, 0.396815, 29.4206, 63.2579, 255.41)
size = Vector3(4, 2, 4)
material = ExtResource("5_mq3vy")

[node name="CSGBox3D24" type="CSGBox3D" parent="Geometry/CSGGrounds"]
transform = Transform3D(0.395957, 0.042635, -0.917279, -0.18391, 0.982364, -0.0337269, 0.899664, 0.182051, 0.396815, 27.754, 64.5744, 254.19)
size = Vector3(4, 2, 4)
material = ExtResource("5_mq3vy")

[node name="CSGBox3D26" type="CSGBox3D" parent="Geometry/CSGGrounds"]
transform = Transform3D(0.395957, 0.042635, -0.917279, -0.18391, 0.982364, -0.0337269, 0.899664, 0.182051, 0.396815, 27.922, 65.9583, 252.176)
size = Vector3(4, 2, 4)
material = ExtResource("5_mq3vy")

[node name="CSGBox3D27" type="CSGBox3D" parent="Geometry/CSGGrounds"]
transform = Transform3D(0.395957, 0.042635, -0.917279, -0.18391, 0.982364, -0.0337269, 0.899664, 0.182051, 0.396815, 28.0687, 66.851, 250.071)
size = Vector3(4, 3, 4)
material = ExtResource("5_mq3vy")

[node name="CSGBox3D28" type="CSGBox3D" parent="Geometry/CSGGrounds"]
transform = Transform3D(0.395957, 0.042635, -0.917279, -0.18391, 0.982364, -0.0337269, 0.899664, 0.182051, 0.396815, 26.7255, 68.477, 247.104)
size = Vector3(5, 3, 6)
material = ExtResource("5_mq3vy")

[node name="CSGBox3D29" type="CSGBox3D" parent="Geometry/CSGGrounds"]
transform = Transform3D(0.395957, 0.042635, -0.917279, -0.18391, 0.982364, -0.0337269, 0.899664, 0.182051, 0.396815, 24.663, 69.9774, 244.984)
size = Vector3(5, 3, 4)
material = ExtResource("5_mq3vy")

[node name="CSGBox3D30" type="CSGBox3D" parent="Geometry/CSGGrounds"]
transform = Transform3D(0.395957, 0.042635, -0.917279, -0.18391, 0.982364, -0.0337269, 0.899664, 0.182051, 0.396815, 25.8523, 71.3054, 240.286)
size = Vector3(5, 4, 4)
material = ExtResource("5_mq3vy")

[node name="CSGBox3D31" type="CSGBox3D" parent="Geometry/CSGGrounds"]
transform = Transform3D(0.619874, 0.042635, -0.783542, -0.168914, 0.982364, -0.080177, 0.766305, 0.182051, 0.616144, 22.5192, 73.9383, 237.845)
size = Vector3(7, 4, 4)
material = ExtResource("5_mq3vy")

[node name="CSGBox3D32" type="CSGBox3D" parent="Geometry/CSGGrounds"]
transform = Transform3D(0.885921, 0.281521, -0.36863, -0.356831, 0.921406, -0.153892, 0.296334, 0.267875, 0.916749, 14.8632, 77.7796, 232.684)
size = Vector3(14, 4, 4)
material = ExtResource("5_mq3vy")

[node name="CSGBox3D33" type="CSGBox3D" parent="Geometry/CSGGrounds"]
transform = Transform3D(0.951545, 0.239908, 0.192365, -0.232079, 0.970681, -0.0625921, -0.201742, 0.0149155, 0.979325, 0.867891, 84.2944, 231.005)
size = Vector3(11, 2, 3)
material = ExtResource("5_mq3vy")

[node name="CSGBox3D34" type="CSGBox3D" parent="Geometry/CSGGrounds"]
transform = Transform3D(0.715619, 0.1199, 0.688122, -0.235776, 0.9688, 0.0763915, -0.657493, -0.21691, 0.721563, -15.9794, 89.7342, 240.584)
size = Vector3(16, 2, 3)
material = ExtResource("5_mq3vy")

[node name="CSGBox3D35" type="CSGBox3D" parent="Geometry/CSGGrounds"]
transform = Transform3D(0.812262, -0.265003, -0.519618, 0.280926, 0.958444, -0.0496613, 0.511184, -0.105636, 0.852954, -15.8173, 99.9952, 277.967)
size = Vector3(16, 1, 2)
material = ExtResource("5_mq3vy")

[node name="CSGBox3D36" type="CSGBox3D" parent="Geometry/CSGGrounds"]
transform = Transform3D(0.919072, -0.265003, -0.291683, 0.284207, 0.958444, 0.0247399, 0.273006, -0.105636, 0.956195, -5.41507, 106.555, 282.988)
size = Vector3(15, 1, 2)
material = ExtResource("5_mq3vy")

[node name="CSGBox3D37" type="CSGBox3D" parent="Geometry/CSGGrounds"]
transform = Transform3D(0.212472, 0.951138, 0.224037, -0.970834, 0.231531, -0.0622324, -0.111063, -0.20428, 0.972592, 5.88244, 104.58, 284.983)
size = Vector3(15, 2, 2)
material = ExtResource("5_mq3vy")

[node name="CSGBox3D39" type="CSGBox3D" parent="Geometry/CSGGrounds"]
transform = Transform3D(0.261648, 0.912374, 0.314823, -0.957215, 0.287074, -0.0364174, -0.123604, -0.291825, 0.948452, 7.61342, 110.047, 285.473)
size = Vector3(7, 2, 2)
material = ExtResource("5_mq3vy")

[node name="CSGBox3D38" type="CSGBox3D" parent="Geometry/CSGGrounds"]
transform = Transform3D(0.212472, 0.957583, 0.194652, -0.970834, 0.229506, -0.06933, -0.111063, -0.174244, 0.978419, 9.66245, 109.648, 283.926)
size = Vector3(15, 2, 2)
material = ExtResource("5_mq3vy")

[node name="CSGBox3D40" type="CSGBox3D" parent="Geometry/CSGGrounds"]
transform = Transform3D(0.212472, 0.941782, 0.260581, -0.970834, 0.23376, -0.0532496, -0.111063, -0.241667, 0.963982, 13.1833, 106.034, 281.738)
size = Vector3(30, 2, 2)
material = ExtResource("5_mq3vy")

[node name="CSGBox3D41" type="CSGBox3D" parent="Geometry/CSGGrounds"]
transform = Transform3D(0.212472, 0.842248, 0.495453, -0.970834, 0.239577, 0.00906656, -0.111063, -0.482929, 0.868587, 10.6401, 127.837, 281.49)
size = Vector3(2, 2, 5.03955)
material = ExtResource("5_mq3vy")

[node name="CSGBox3D45" type="CSGBox3D" parent="Geometry/CSGGrounds"]
transform = Transform3D(0.212472, 0.842248, 0.495453, -0.970834, 0.239577, 0.00906656, -0.111063, -0.482929, 0.868587, 13.6493, 132.212, 279.728)
size = Vector3(2, 2, 5.03955)
material = ExtResource("5_mq3vy")

[node name="CSGBox3D42" type="CSGBox3D" parent="Geometry/CSGGrounds"]
transform = Transform3D(0.212472, 0.842248, 0.495453, -0.970834, 0.239577, 0.00906656, -0.111063, -0.482929, 0.868587, 14.3478, 122.252, 281.135)
size = Vector3(2, 2, 2)
material = ExtResource("5_mq3vy")

[node name="CSGBox3D43" type="CSGBox3D" parent="Geometry/CSGGrounds"]
transform = Transform3D(0.965993, 0, 0.258566, 0, 1, 0, -0.258566, 0, 0.965993, 7.56374, 134.173, 284.398)
size = Vector3(2, 2, 6.11182)
material = ExtResource("5_mq3vy")

[node name="CSGBox3D44" type="CSGBox3D" parent="Geometry/CSGGrounds"]
transform = Transform3D(0.844127, 0.36758, -0.390297, -0.399245, 0.916844, 0, 0.357842, 0.155824, 0.920688, -6.46518, 141.936, 283.246)
size = Vector3(30.528, 2, 3.1377)
material = ExtResource("5_mq3vy")

[node name="CSGWater" type="CSGCombiner3D" parent="Geometry"]
material_override = ExtResource("7_og642")

[node name="CSGBox3D" type="CSGBox3D" parent="Geometry/CSGWater"]
transform = Transform3D(0.865763, 0, 0.500453, 0, 1, 0, -0.500453, 0, 0.865763, 4.7464, 144.114, 269.331)
size = Vector3(19.4928, 0.1, 19.2181)

[node name="Decoration" type="Node3D" parent="Geometry"]

[node name="Tree" parent="Geometry/Decoration" instance=ExtResource("7_1booi")]
transform = Transform3D(-0.254792, -0.0524584, 0.965572, 0.0787174, 0.994088, 0.0747794, -0.963786, 0.0950606, -0.249157, 9.10621, 5.51563, -32.4787)

[node name="Tree2" parent="Geometry/Decoration" instance=ExtResource("7_1booi")]
transform = Transform3D(0.959727, 0.0125721, 0.280652, -0.0262228, 0.998646, 0.0449369, -0.279707, -0.0504866, 0.958757, -9.71325, 0.51564, -14.7187)

[node name="Rock" parent="Geometry/Decoration" instance=ExtResource("8_mq3vy")]
transform = Transform3D(-0.0336622, 0, 0.999433, 0, 1, 0, -0.999433, 0, -0.0336622, -6.77448, 144.495, 273.63)

[node name="Rock2" parent="Geometry/Decoration" instance=ExtResource("8_mq3vy")]
transform = Transform3D(0.953144, 0, -0.302518, 0, 1, 0, 0.302518, 0, 0.953144, 17.1964, 144.495, 265.316)

[node name="Rock3" parent="Geometry/Decoration" instance=ExtResource("8_mq3vy")]
transform = Transform3D(-0.00119028, 0, 0.999999, 0, 1, 0, -0.999999, 0, -0.00119028, 18.9237, 152.631, 254.59)

[node name="Rock4" parent="Geometry/Decoration" instance=ExtResource("8_mq3vy")]
transform = Transform3D(-0.798442, 0, 0.602072, 0, 1, 0, -0.602072, 0, -0.798442, -16.7017, 160.378, 265.864)

[node name="Rock5" parent="Geometry/Decoration" instance=ExtResource("8_mq3vy")]
transform = Transform3D(-0.626328, 0, 0.77956, 0, 1, 0, -0.77956, 0, -0.626328, -7.61022, 160.378, 244.257)

[node name="Rock6" parent="Geometry/Decoration" instance=ExtResource("8_mq3vy")]
transform = Transform3D(0.976207, 0, 0.216841, 0, 1, 0, -0.216841, 0, 0.976207, -10.4013, 105.864, 282.078)

[node name="Tree3" parent="Geometry/Decoration" instance=ExtResource("7_1booi")]
transform = Transform3D(0.707107, -0.183013, 0.683013, 0, 0.965926, 0.258819, -0.707107, -0.183013, 0.683013, -21.5351, 98.4885, 274.282)

[node name="Flower" parent="Geometry/Decoration" instance=ExtResource("9_58hut")]
transform = Transform3D(-0.492891, 0.135812, -0.859426, 0.160054, 0.98504, 0.063869, 0.855244, -0.106074, -0.507254, 39.639, 12.5, 86.4053)

[node name="Flower2" parent="Geometry/Decoration" instance=ExtResource("9_58hut")]
transform = Transform3D(0.523729, -0.0523804, -0.850273, -0.135281, 0.980329, -0.143719, 0.841075, 0.190296, 0.506341, 38.8596, 12.5, 87.6713)

[node name="Flower3" parent="Geometry/Decoration" instance=ExtResource("9_58hut")]
transform = Transform3D(-0.983243, 0.0466316, 0.176234, 0.0333988, 0.996446, -0.0773218, -0.179214, -0.0701401, -0.981306, 39.4569, 12.5, 107.957)

[node name="Flower4" parent="Geometry/Decoration" instance=ExtResource("9_58hut")]
transform = Transform3D(0.0481116, 0.044291, 0.99786, -0.024149, 0.998776, -0.0431674, -0.99855, -0.0220205, 0.0491223, 40.9548, 12.5, 154.835)

[node name="Flower5" parent="Geometry/Decoration" instance=ExtResource("9_58hut")]
transform = Transform3D(-0.801671, -0.0801814, -0.592363, -0.150823, 0.986033, 0.0706475, 0.578425, 0.145978, -0.802568, 38.8488, 12.5, 172.495)

[node name="Tree4" parent="Geometry/Decoration" instance=ExtResource("7_1booi")]
transform = Transform3D(0.965926, -0.258819, 0, 0.258819, 0.965926, 0, 0, 0, 1, 28.9197, 6.28741, -42.9837)

[node name="Tree5" parent="Geometry/Decoration" instance=ExtResource("7_1booi")]
transform = Transform3D(-0.973548, -0.0592506, -0.220666, -0.0561981, 0.998217, -0.0200912, 0.221463, -0.00715874, -0.975142, -9.91854, 0.515632, -53.6446)

[node name="Flower6" parent="Geometry/Decoration" instance=ExtResource("9_58hut")]
transform = Transform3D(-0.542096, -0.153468, 0.826183, -0.13182, 0.98654, 0.0967612, -0.829913, -0.0564539, -0.55503, 8.11454, 5.50001, -31.4105)

[node name="Flower7" parent="Geometry/Decoration" instance=ExtResource("9_58hut")]
transform = Transform3D(0.799251, 0.133308, -0.586026, -0.158264, 0.987358, 0.0087545, 0.579784, 0.0857497, 0.810245, 11.0739, 5.50001, -33.4688)

[node name="Flower8" parent="Geometry/Decoration" instance=ExtResource("9_58hut")]
transform = Transform3D(0.509036, -0.122488, -0.851985, 0.0827777, 0.992201, -0.0931896, 0.856755, -0.0230885, 0.515206, 39.3594, 12.5, 62.8357)

[node name="Flower9" parent="Geometry/Decoration" instance=ExtResource("9_58hut")]
transform = Transform3D(0.951107, -0.0622727, 0.30252, 0.0218975, 0.990595, 0.135066, -0.308085, -0.121838, 0.943525, 40.5948, 12.5, 4.78107)

[node name="Flower10" parent="Geometry/Decoration" instance=ExtResource("9_58hut")]
transform = Transform3D(-0.0559583, 0.151756, -0.986833, 0.159852, 0.976993, 0.141179, 0.985553, -0.149847, -0.0789294, 39.8532, 12.5, 26.7498)

[node name="Flower11" parent="Geometry/Decoration" instance=ExtResource("9_58hut")]
transform = Transform3D(-0.055873, -0.162971, -0.985047, -0.0953478, 0.982951, -0.157216, 0.993875, 0.085138, -0.0704593, 35.6075, 9.99277, -28.5343)

[node name="Flower12" parent="Geometry/Decoration" instance=ExtResource("9_58hut")]
transform = Transform3D(0.851186, 0.00217928, -0.52486, 0.0215451, 0.999004, 0.0390886, 0.524422, -0.0445798, 0.850291, 8.67151, 5.50001, -30.934)

[node name="Flower13" parent="Geometry/Decoration" instance=ExtResource("9_58hut")]
transform = Transform3D(-0.867392, 0.115128, -0.484124, 0.113806, 0.99298, 0.0322339, 0.484437, -0.0271367, -0.874405, 7.988, 5.50001, -30.7066)

[node name="Flower14" parent="Geometry/Decoration" instance=ExtResource("9_58hut")]
transform = Transform3D(-0.204109, 0.0976451, 0.974066, -0.139043, 0.982033, -0.127579, -0.969024, -0.161477, -0.186865, 10.9987, 5.50001, -32.6947)

[node name="Flower15" parent="Geometry/Decoration" instance=ExtResource("9_58hut")]
transform = Transform3D(0.975275, -0.0782831, -0.206667, 0.0624288, 0.994662, -0.0821615, 0.211995, 0.0672281, 0.974956, 8.34742, 0.500007, -28.6648)

[node name="Flower16" parent="Geometry/Decoration" instance=ExtResource("9_58hut")]
transform = Transform3D(-0.779094, 0.0972782, -0.619314, 0.079624, 0.995241, 0.0561602, 0.621831, -0.00555825, -0.783132, 7.3541, 0.500008, -27.7198)

[node name="Flower17" parent="Geometry/Decoration" instance=ExtResource("9_58hut")]
transform = Transform3D(0.812579, 0.0894688, 0.575944, -0.0869283, 0.9957, -0.0320309, -0.576333, -0.0240382, 0.816862, 10.2121, 0.515634, -25.2871)

[node name="Tree6" parent="Geometry/Decoration" instance=ExtResource("7_1booi")]
transform = Transform3D(0.389346, 0.0455765, 0.919963, 0.0150573, 0.998327, -0.0558312, -0.920969, 0.0355898, 0.388008, 10.2121, 0.515634, -25.5592)

[node name="Rock7" parent="Geometry/Decoration" instance=ExtResource("8_mq3vy")]
transform = Transform3D(0.688355, 0, -0.725374, 0, 1, 0, 0.725374, 0, 0.688355, -9.35075, 0.500007, -25.6427)

[node name="Rock8" parent="Geometry/Decoration" instance=ExtResource("8_mq3vy")]
transform = Transform3D(-0.974624, 0, 0.22385, 0, 1, 0, -0.22385, 0, -0.974624, 8.06072, 0.500007, -15.8078)

[node name="Rock9" parent="Geometry/Decoration" instance=ExtResource("8_mq3vy")]
transform = Transform3D(-0.118741, 0, 0.992925, 0, 1, 0, -0.992925, 0, -0.118741, -4.92412, 0.500008, -14.9333)

[node name="Flower18" parent="Geometry/Decoration" instance=ExtResource("9_58hut")]
transform = Transform3D(-0.993407, 0.0604224, 0.0974236, 0.0514275, 0.994399, -0.0923349, -0.102457, -0.0867158, -0.990951, 10.6738, 0.500009, -13.8286)

[node name="Flower19" parent="Geometry/Decoration" instance=ExtResource("9_58hut")]
transform = Transform3D(-0.936365, -0.183036, -0.299532, -0.160921, 0.982176, -0.0971279, 0.311971, -0.0427463, -0.94913, 0.879805, -2.50001, -12.7144)

[node name="Flower20" parent="Geometry/Decoration" instance=ExtResource("9_58hut")]
transform = Transform3D(0.0118795, 0.00203047, -0.999928, -0.0259353, 0.999662, 0.00172181, 0.999593, 0.0259129, 0.0119282, -0.120336, -0.478466, 3.75135)

[node name="Flower21" parent="Geometry/Decoration" instance=ExtResource("9_58hut")]
transform = Transform3D(0.28991, 0.037229, 0.95633, -0.15496, 0.987883, 0.00851855, -0.944425, -0.150662, 0.292167, -2.58799, -0.478466, 2.67277)

[node name="Flower22" parent="Geometry/Decoration" instance=ExtResource("9_58hut")]
transform = Transform3D(0.989094, -0.0654008, 0.131972, 0.0567429, 0.996047, 0.0683347, -0.13592, -0.060101, 0.988895, -3.66752, -0.478466, 0.0535898)

[node name="Flower23" parent="Geometry/Decoration" instance=ExtResource("9_58hut")]
transform = Transform3D(-0.25593, 0.0356785, 0.966037, -0.119296, 0.990514, -0.0681872, -0.959307, -0.132695, -0.249246, 2.64088, -0.478466, 2.5802)

[node name="Flower24" parent="Geometry/Decoration" instance=ExtResource("9_58hut")]
transform = Transform3D(-0.679501, -0.0330639, -0.732929, -0.0351098, 0.999305, -0.0125303, 0.732834, 0.0172186, -0.68019, 3.68396, -0.478466, 0.00116348)

[node name="Flower25" parent="Geometry/Decoration" instance=ExtResource("9_58hut")]
transform = Transform3D(-0.606146, -0.0460941, 0.794017, -0.0461021, 0.998677, 0.0227811, -0.794016, -0.0227972, -0.607469, -2.73492, -0.478466, -2.61174)

[node name="Flower26" parent="Geometry/Decoration" instance=ExtResource("9_58hut")]
transform = Transform3D(-0.997551, 0.0622317, 0.0319255, 0.0640771, 0.996111, 0.0604698, -0.0280382, 0.0623674, -0.997659, -0.0291169, -0.478466, -3.6436)

[node name="Flower27" parent="Geometry/Decoration" instance=ExtResource("9_58hut")]
transform = Transform3D(-0.00550297, -0.0313432, -0.999494, -0.0984286, 0.994672, -0.03065, 0.995129, 0.09821, -0.00855871, 2.58117, -0.478466, -2.65448)

[node name="Flower28" parent="Geometry/Decoration" instance=ExtResource("9_58hut")]
transform = Transform3D(-0.952193, 0.0284598, -0.304168, 0.0306537, 0.999527, -0.00243938, 0.303955, -0.0116467, -0.952615, 1.22653, -2.50001, -12.7246)

[node name="Rock10" parent="Geometry/Decoration" instance=ExtResource("8_mq3vy")]
transform = Transform3D(-0.254395, 0, -0.967101, 0, 1, 0, 0.967101, 0, -0.254395, -10.4134, 5.50001, -33.0853)

[node name="Clouds" type="Node3D" parent="Geometry"]

[node name="GrababbleCloud" parent="Geometry/Clouds" instance=ExtResource("8_1booi")]
transform = Transform3D(1, 0, 0, 0, 1, 0, 0, 0, 1, -35.1491, 14.5316, -31.3824)
cloudism_curve = SubResource("Curve_58hut")

[node name="GrababbleCloud2" parent="Geometry/Clouds" instance=ExtResource("8_1booi")]
transform = Transform3D(1, 0, 0, 0, 1, 0, 0, 0, 1, 38.352, 33.9519, 43.5598)
body_min_blob = 700
body_max_blob = 700
cloudism_curve = SubResource("Curve_q7iuu")

[node name="GrababbleCloud7" parent="Geometry/Clouds" instance=ExtResource("8_1booi")]
transform = Transform3D(1, 0, 0, 0, 1, 0, 0, 0, 1, 81.6599, 81.202, 15.9219)
body_min_blob = 700
body_max_blob = 700
cloudism_curve = SubResource("Curve_q7iuu")

[node name="GrababbleCloud8" parent="Geometry/Clouds" instance=ExtResource("8_1booi")]
transform = Transform3D(1, 0, 0, 0, 1, 0, 0, 0, 1, 19.9795, 81.202, 141.466)
body_min_blob = 700
body_max_blob = 700
cloudism_curve = SubResource("Curve_q7iuu")

[node name="GrababbleCloud3" parent="Geometry/Clouds" instance=ExtResource("8_1booi")]
transform = Transform3D(1, 0, 0, 0, 1, 0, 0, 0, 1, 26.0638, 107.458, 290.027)
body_min_blob = 1000
body_max_blob = 1200
cloudism_curve = SubResource("Curve_1booi")

[node name="GrababbleCloud4" parent="Geometry/Clouds" instance=ExtResource("8_1booi")]
transform = Transform3D(1, 0, 0, 0, 1, 0, 0, 0, 1, -20.9899, 121.58, 301.303)

[node name="GrababbleCloud5" parent="Geometry/Clouds" instance=ExtResource("8_1booi")]
transform = Transform3D(1, 0, 0, 0, 1, 0, 0, 0, 1, 10.9365, 180.238, 279.408)
body_min_blob = 3000
body_max_blob = 4000
max_x_scatter_distance = 7.0
maximum_scatter_absolute_distance = 7.0
cloudism_curve = SubResource("Curve_ove64")

[node name="GrababbleCloud6" parent="Geometry/Clouds" instance=ExtResource("8_1booi")]
transform = Transform3D(1, 0, 0, 0, 1, 0, 0, 0, 1, 10.9365, 203.684, 240.712)
min_x_scatter_distance = -2.0
max_x_scatter_distance = 2.0
maximum_scatter_absolute_distance = 7.0
cloudism_curve = SubResource("Curve_mq3vy")

[node name="Collectibles" type="Node3D" parent="."]
transform = Transform3D(1, 0, 0, 0, 1, 0, 0, 0, 1, 0, 100, 0)

[node name="BaseCollectiblePositionHack" parent="Collectibles" instance=ExtResource("6_ebyyx")]
transform = Transform3D(1, 0, 0, 0, 1, 0, 0, 0, 1, 0.0868769, -97.3457, -4.30573)

[node name="BaseCollectiblePositionHack3" parent="Collectibles" instance=ExtResource("6_ebyyx")]
transform = Transform3D(1, 0, 0, 0, 1, 0, 0, 0, 1, 0.0868769, -97.3457, -33.3057)

[node name="BaseCollectiblePositionHack7" parent="Collectibles" instance=ExtResource("6_ebyyx")]
transform = Transform3D(1, 0, 0, 0, 1, 0, 0, 0, 1, -34.6493, -84.3332, -31.6586)

[node name="BaseCollectiblePositionHack6" parent="Collectibles" instance=ExtResource("6_ebyyx")]
transform = Transform3D(1, 0, 0, 0, 1, 0, 0, 0, 1, 38.2771, -66.7938, 43.1756)

[node name="BaseCollectiblePositionHack9" parent="Collectibles" instance=ExtResource("6_ebyyx")]
transform = Transform3D(1, 0, 0, 0, 1, 0, 0, 0, 1, 39.9117, -96.1374, 43.1756)

[node name="BaseCollectiblePositionHack10" parent="Collectibles" instance=ExtResource("6_ebyyx")]
transform = Transform3D(1, 0, 0, 0, 1, 0, 0, 0, 1, 39.9117, -96.1374, 63.9479)

[node name="BaseCollectiblePositionHack11" parent="Collectibles" instance=ExtResource("6_ebyyx")]
transform = Transform3D(1, 0, 0, 0, 1, 0, 0, 0, 1, 39.9117, -99.522, 52.272)

[node name="BaseCollectiblePositionHack2" parent="Collectibles" instance=ExtResource("6_ebyyx")]
transform = Transform3D(1, 0, 0, 0, 1, 0, 0, 0, 1, -16.7063, 51.5808, 269.989)

[node name="BaseCollectiblePositionHack12" parent="Collectibles" instance=ExtResource("6_ebyyx")]
transform = Transform3D(1, 0, 0, 0, 1, 0, 0, 0, 1, -27.209, -2.50928, 257.629)

[node name="BaseCollectiblePositionHack13" parent="Collectibles" instance=ExtResource("6_ebyyx")]
transform = Transform3D(0.866025, 0, 0.5, 0, 1, 0, -0.5, 0, 0.866025, -24.6161, -0.206512, 268.108)

[node name="BaseCollectiblePositionHack4" parent="Collectibles" instance=ExtResource("6_ebyyx")]
transform = Transform3D(1, 0, 0, 0, 1, 0, 0, 0, 1, 15.3853, 56.8414, 258.694)

[node name="BaseCollectiblePositionHack5" parent="Collectibles" instance=ExtResource("6_ebyyx")]
transform = Transform3D(-0.5, 0, -0.866025, 0, 1, 0, 0.866025, 0, -0.5, -7.03152, 61.7388, 256.062)

[node name="BaseCollectiblePositionHack8" parent="Collectibles" instance=ExtResource("6_ebyyx")]
transform = Transform3D(0.258819, 0, -0.965926, 0, 1, 0, 0.965926, 0, 0.258819, 12.5053, 78.9937, 279.425)

[node name="Checkpoints" type="Node3D" parent="."]

[node name="FirstCheckpoint" parent="Checkpoints" instance=ExtResource("8_4jlt8")]
unique_name_in_owner = true
transform = Transform3D(1, 0, 0, 0, 1, 0, 0, 0, 1, 0, -0.477898, 0)

[node name="Checkpoint2" parent="Checkpoints" instance=ExtResource("8_4jlt8")]
unique_name_in_owner = true
transform = Transform3D(1, 0, 0, 0, 1, 0, 0, 0, 1, 0, 0.522102, -33)

[node name="Checkpoint3" parent="Checkpoints" instance=ExtResource("8_4jlt8")]
unique_name_in_owner = true
transform = Transform3D(1, 0, 0, 0, 1, 0, 0, 0, 1, 40, 12.51, -18)

[node name="Checkpoint5" parent="Checkpoints" instance=ExtResource("8_4jlt8")]
unique_name_in_owner = true
transform = Transform3D(1, 0, 0, 0, 1, 0, 0, 0, 1, 23.8167, 12.51, 251.931)

[node name="Checkpoint4" parent="Checkpoints" instance=ExtResource("8_4jlt8")]
transform = Transform3D(1, 0, 0, 0, 1, 0, 0, 0, 1, -2.26879, 160.38, 257.219)

[node name="LevelStopwatch" parent="." instance=ExtResource("9_21non")]
unique_name_in_owner = true

[node name="FlowerRandomRotator" parent="." instance=ExtResource("10_8dqi2")]
models = Array[NodePath]([NodePath("../Geometry/Decoration/Flower"), NodePath("../Geometry/Decoration/Flower2"), NodePath("../Geometry/Decoration/Flower3"), NodePath("../Geometry/Decoration/Flower4"), NodePath("../Geometry/Decoration/Flower5"), NodePath("../Geometry/Decoration/Flower6"), NodePath("../Geometry/Decoration/Flower6"), NodePath("../Geometry/Decoration/Flower6"), NodePath("../Geometry/Decoration/Flower6"), NodePath("../Geometry/Decoration/Flower6"), NodePath("../Geometry/Decoration/Flower6"), NodePath("../Geometry/Decoration/Flower7"), NodePath("../Geometry/Decoration/Flower8"), NodePath("../Geometry/Decoration/Flower9"), NodePath("../Geometry/Decoration/Flower10"), NodePath("../Geometry/Decoration/Flower11"), NodePath("../Geometry/Decoration/Flower12"), NodePath("../Geometry/Decoration/Flower13"), NodePath("../Geometry/Decoration/Flower14"), NodePath("../Geometry/Decoration/Flower16"), NodePath("../Geometry/Decoration/Flower15"), NodePath("../Geometry/Decoration/Flower17"), NodePath("../Geometry/Decoration/Flower18"), NodePath("../Geometry/Decoration/Flower19"), NodePath("../Geometry/Decoration/Flower20"), NodePath("../Geometry/Decoration/Flower21"), NodePath("../Geometry/Decoration/Flower22"), NodePath("../Geometry/Decoration/Flower23"), NodePath("../RandomFlower"), NodePath("../RandomFlower2"), NodePath("../RandomFlower3"), NodePath("../RandomFlower4")])
rotation_x_min = -0.174533
rotation_x_max = 0.174533
rotation_z_min = -0.174533
rotation_z_max = 0.174533

[node name="RockRandomRotator" parent="." instance=ExtResource("10_8dqi2")]
models = Array[NodePath]([NodePath("../Geometry/Decoration/Rock"), NodePath("../Geometry/Decoration/Rock2"), NodePath("../Geometry/Decoration/Rock3"), NodePath("../Geometry/Decoration/Rock4"), NodePath("../Geometry/Decoration/Rock5"), NodePath("../Geometry/Decoration/Rock6"), NodePath("../Geometry/Decoration/Rock7"), NodePath("../Geometry/Decoration/Rock7"), NodePath("../Geometry/Decoration/Rock7"), NodePath("../Geometry/Decoration/Rock7")])
rotation_x_min = 0.0
rotation_x_max = 0.0
rotation_z_min = 0.0
rotation_z_max = 0.0

[node name="TreeRandomRotator" parent="." instance=ExtResource("10_8dqi2")]
models = Array[NodePath]([NodePath("../Geometry/Decoration/Tree"), NodePath("../Geometry/Decoration/Tree2"), NodePath("../Geometry/Decoration/Tree5"), NodePath("../Geometry/Decoration/Tree6")])
rotation_x_min = -0.0872665
rotation_x_max = 0.0872665
rotation_z_min = -0.0872665
rotation_z_max = 0.0872665

[node name="RandomFlower" parent="." instance=ExtResource("15_58hut")]
transform = Transform3D(-0.758531, 0.18562, -0.624641, 0.16719, 0.981921, 0.0887635, 0.629824, -0.0371039, -0.775851, 16.9008, 144.495, 270.775)

[node name="RandomFlower2" parent="." instance=ExtResource("15_58hut")]
transform = Transform3D(-0.496859, 0.108483, -0.861024, 0.0430432, 0.994016, 0.100401, 0.866763, 0.0128239, -0.498555, 14.525, 144.495, 276.125)

[node name="RandomFlower3" parent="." instance=ExtResource("15_58hut")]
transform = Transform3D(0.973846, -0.132668, -0.184456, 0.134707, 0.990884, -0.00149, 0.182972, -0.0233964, 0.98284, 15.7738, 144.495, 273.318)

[node name="RandomFlower4" parent="." instance=ExtResource("15_58hut")]
transform = Transform3D(0.336173, -0.0018179, 0.941798, -0.119129, 0.991884, 0.0444374, -0.934235, -0.127134, 0.333228, 15.5007, 144.495, 266.491)

[editable path="Geometry/CSGTower/godot_plushV2"]
