[gd_scene load_steps=81 format=3 uid="uid://uh75ppgcvkw1"]

[ext_resource type="PackedScene" uid="uid://c7qbt24mbmda6" path="res://character/model/fisherman.glb" id="1_fvxr5"]
[ext_resource type="Script" uid="uid://b2j26iqtb2pjg" path="res://character/model/character_skin.gd" id="1_jn46u"]
[ext_resource type="PackedScene" uid="uid://bwt2mpqchi1uh" path="res://character/hookshot/HookshotLine.tscn" id="3_cxnp0"]
[ext_resource type="PackedScene" uid="uid://dla47njoybquq" path="res://character/model/kite/flying_fish_kite.glb" id="4_3eod3"]

[sub_resource type="AnimationNodeAnimation" id="AnimationNodeAnimation_cxnp0"]
animation = &"Fall"

[sub_resource type="AnimationNodeAnimation" id="AnimationNodeAnimation_b55dy"]
animation = &"FishingIdle"

[sub_resource type="AnimationNodeAnimation" id="AnimationNodeAnimation_wvacc"]
animation = &"Gliding"

[sub_resource type="AnimationNodeAnimation" id="AnimationNodeAnimation_3eod3"]
animation = &"HookActivated"

[sub_resource type="AnimationNodeAnimation" id="AnimationNodeAnimation_0f3g0"]
animation = &"HookAiming"

[sub_resource type="AnimationNodeAnimation" id="AnimationNodeAnimation_kukn0"]
animation = &"HookThrow"

[sub_resource type="AnimationNodeAnimation" id="AnimationNodeAnimation_jn46u"]
animation = &"Idle"

[sub_resource type="AnimationNodeAnimation" id="AnimationNodeAnimation_bptxp"]
animation = &"Jump"

[sub_resource type="AnimationNodeAnimation" id="AnimationNodeAnimation_d7sat"]
animation = &"Land"

[sub_resource type="AnimationNodeAnimation" id="AnimationNodeAnimation_jsuwq"]
animation = &"Launched"

[sub_resource type="AnimationNodeAnimation" id="AnimationNodeAnimation_tjj8n"]
animation = &"Run"

[sub_resource type="AnimationNodeAnimation" id="AnimationNodeAnimation_hsogn"]
animation = &"Walk"

[sub_resource type="AnimationNodeStateMachineTransition" id="AnimationNodeStateMachineTransition_cxnp0"]
advance_mode = 2

[sub_resource type="AnimationNodeStateMachineTransition" id="AnimationNodeStateMachineTransition_0f3g0"]

[sub_resource type="AnimationNodeStateMachineTransition" id="AnimationNodeStateMachineTransition_kukn0"]

[sub_resource type="AnimationNodeStateMachineTransition" id="AnimationNodeStateMachineTransition_tjj8n"]

[sub_resource type="AnimationNodeStateMachineTransition" id="AnimationNodeStateMachineTransition_b55dy"]

[sub_resource type="AnimationNodeStateMachineTransition" id="AnimationNodeStateMachineTransition_wvacc"]

[sub_resource type="AnimationNodeStateMachineTransition" id="AnimationNodeStateMachineTransition_qpp27"]

[sub_resource type="AnimationNodeStateMachineTransition" id="AnimationNodeStateMachineTransition_3p1do"]

[sub_resource type="AnimationNodeStateMachineTransition" id="AnimationNodeStateMachineTransition_2nge0"]

[sub_resource type="AnimationNodeStateMachineTransition" id="AnimationNodeStateMachineTransition_2e0v0"]

[sub_resource type="AnimationNodeStateMachineTransition" id="AnimationNodeStateMachineTransition_tw8bg"]

[sub_resource type="AnimationNodeStateMachineTransition" id="AnimationNodeStateMachineTransition_jsuwq"]

[sub_resource type="AnimationNodeStateMachineTransition" id="AnimationNodeStateMachineTransition_3j8sx"]

[sub_resource type="AnimationNodeStateMachineTransition" id="AnimationNodeStateMachineTransition_oe4wl"]

[sub_resource type="AnimationNodeStateMachineTransition" id="AnimationNodeStateMachineTransition_ulh3n"]

[sub_resource type="AnimationNodeStateMachineTransition" id="AnimationNodeStateMachineTransition_wh50u"]

[sub_resource type="AnimationNodeStateMachineTransition" id="AnimationNodeStateMachineTransition_aaohr"]

[sub_resource type="AnimationNodeStateMachineTransition" id="AnimationNodeStateMachineTransition_hhkty"]

[sub_resource type="AnimationNodeStateMachineTransition" id="AnimationNodeStateMachineTransition_flire"]

[sub_resource type="AnimationNodeStateMachineTransition" id="AnimationNodeStateMachineTransition_i6be2"]

[sub_resource type="AnimationNodeStateMachineTransition" id="AnimationNodeStateMachineTransition_tq4wn"]

[sub_resource type="AnimationNodeStateMachineTransition" id="AnimationNodeStateMachineTransition_a1mrp"]

[sub_resource type="AnimationNodeStateMachineTransition" id="AnimationNodeStateMachineTransition_hbdw4"]

[sub_resource type="AnimationNodeStateMachineTransition" id="AnimationNodeStateMachineTransition_82i0e"]

[sub_resource type="AnimationNodeStateMachineTransition" id="AnimationNodeStateMachineTransition_tmbk2"]

[sub_resource type="AnimationNodeStateMachineTransition" id="AnimationNodeStateMachineTransition_jly34"]

[sub_resource type="AnimationNodeStateMachineTransition" id="AnimationNodeStateMachineTransition_8qw2w"]

[sub_resource type="AnimationNodeStateMachineTransition" id="AnimationNodeStateMachineTransition_7itvi"]

[sub_resource type="AnimationNodeStateMachineTransition" id="AnimationNodeStateMachineTransition_guwlk"]

[sub_resource type="AnimationNodeStateMachineTransition" id="AnimationNodeStateMachineTransition_yv0l6"]

[sub_resource type="AnimationNodeStateMachineTransition" id="AnimationNodeStateMachineTransition_dfwpx"]

[sub_resource type="AnimationNodeStateMachineTransition" id="AnimationNodeStateMachineTransition_6q4st"]

[sub_resource type="AnimationNodeStateMachineTransition" id="AnimationNodeStateMachineTransition_sns2q"]

[sub_resource type="AnimationNodeStateMachineTransition" id="AnimationNodeStateMachineTransition_2n8xp"]

[sub_resource type="AnimationNodeStateMachineTransition" id="AnimationNodeStateMachineTransition_fo6ag"]
xfade_time = 0.3

[sub_resource type="AnimationNodeStateMachineTransition" id="AnimationNodeStateMachineTransition_2t7ye"]
xfade_time = 0.3

[sub_resource type="AnimationNodeStateMachineTransition" id="AnimationNodeStateMachineTransition_51ujp"]
xfade_time = 0.3

[sub_resource type="AnimationNodeStateMachineTransition" id="AnimationNodeStateMachineTransition_h4rgx"]
xfade_time = 0.3

[sub_resource type="AnimationNodeStateMachineTransition" id="AnimationNodeStateMachineTransition_d7sat"]
xfade_time = 0.3

[sub_resource type="AnimationNodeStateMachineTransition" id="AnimationNodeStateMachineTransition_ctwyr"]
xfade_time = 0.2

[sub_resource type="AnimationNodeStateMachineTransition" id="AnimationNodeStateMachineTransition_sk64t"]

[sub_resource type="AnimationNodeStateMachineTransition" id="AnimationNodeStateMachineTransition_nllfd"]

[sub_resource type="AnimationNodeStateMachineTransition" id="AnimationNodeStateMachineTransition_7k56d"]

[sub_resource type="AnimationNodeStateMachineTransition" id="AnimationNodeStateMachineTransition_noyb3"]

[sub_resource type="AnimationNodeStateMachineTransition" id="AnimationNodeStateMachineTransition_d0p5w"]

[sub_resource type="AnimationNodeStateMachineTransition" id="AnimationNodeStateMachineTransition_3hph6"]

[sub_resource type="AnimationNodeStateMachineTransition" id="AnimationNodeStateMachineTransition_ix4rs"]

[sub_resource type="AnimationNodeStateMachineTransition" id="AnimationNodeStateMachineTransition_bfdpt"]

[sub_resource type="AnimationNodeStateMachineTransition" id="AnimationNodeStateMachineTransition_b2tqb"]

[sub_resource type="AnimationNodeStateMachineTransition" id="AnimationNodeStateMachineTransition_a2g1g"]

[sub_resource type="AnimationNodeStateMachineTransition" id="AnimationNodeStateMachineTransition_o7kdt"]

[sub_resource type="AnimationNodeStateMachineTransition" id="AnimationNodeStateMachineTransition_q535k"]

[sub_resource type="AnimationNodeStateMachine" id="AnimationNodeStateMachine_jn46u"]
states/End/position = Vector2(1243, 72)
states/Fall/node = SubResource("AnimationNodeAnimation_cxnp0")
states/Fall/position = Vector2(653, 189)
states/FishingIdle/node = SubResource("AnimationNodeAnimation_b55dy")
states/FishingIdle/position = Vector2(309, -11.9424)
states/Gliding/node = SubResource("AnimationNodeAnimation_wvacc")
states/Gliding/position = Vector2(460, 326.058)
states/HookActivated/node = SubResource("AnimationNodeAnimation_3eod3")
states/HookActivated/position = Vector2(1055, 109)
states/HookAiming/node = SubResource("AnimationNodeAnimation_0f3g0")
states/HookAiming/position = Vector2(764, 109)
states/HookThrow/node = SubResource("AnimationNodeAnimation_kukn0")
states/HookThrow/position = Vector2(909, 109)
states/Idle/node = SubResource("AnimationNodeAnimation_jn46u")
states/Idle/position = Vector2(371, 109)
states/Jump/node = SubResource("AnimationNodeAnimation_bptxp")
states/Jump/position = Vector2(544, 189)
states/Land/node = SubResource("AnimationNodeAnimation_d7sat")
states/Land/position = Vector2(653, 340)
states/Launched/node = SubResource("AnimationNodeAnimation_jsuwq")
states/Launched/position = Vector2(325, 254.058)
states/Run/node = SubResource("AnimationNodeAnimation_tjj8n")
states/Run/position = Vector2(588, 21)
states/Start/position = Vector2(230, 109)
states/Walk/node = SubResource("AnimationNodeAnimation_hsogn")
states/Walk/position = Vector2(482, 21)
transitions = ["Start", "Idle", SubResource("AnimationNodeStateMachineTransition_cxnp0"), "Idle", "Walk", SubResource("AnimationNodeStateMachineTransition_0f3g0"), "Walk", "Idle", SubResource("AnimationNodeStateMachineTransition_kukn0"), "Walk", "Fall", SubResource("AnimationNodeStateMachineTransition_tjj8n"), "Fall", "Jump", SubResource("AnimationNodeStateMachineTransition_b55dy"), "Jump", "Fall", SubResource("AnimationNodeStateMachineTransition_wvacc"), "Walk", "Jump", SubResource("AnimationNodeStateMachineTransition_qpp27"), "Fall", "Land", SubResource("AnimationNodeStateMachineTransition_3p1do"), "Land", "Idle", SubResource("AnimationNodeStateMachineTransition_2nge0"), "HookAiming", "Fall", SubResource("AnimationNodeStateMachineTransition_2e0v0"), "HookAiming", "Land", SubResource("AnimationNodeStateMachineTransition_tw8bg"), "HookAiming", "HookThrow", SubResource("AnimationNodeStateMachineTransition_jsuwq"), "HookThrow", "Fall", SubResource("AnimationNodeStateMachineTransition_3j8sx"), "HookThrow", "Land", SubResource("AnimationNodeStateMachineTransition_oe4wl"), "Idle", "Jump", SubResource("AnimationNodeStateMachineTransition_ulh3n"), "Jump", "Land", SubResource("AnimationNodeStateMachineTransition_wh50u"), "Idle", "Run", SubResource("AnimationNodeStateMachineTransition_aaohr"), "Run", "Walk", SubResource("AnimationNodeStateMachineTransition_hhkty"), "Walk", "Run", SubResource("AnimationNodeStateMachineTransition_flire"), "Run", "Idle", SubResource("AnimationNodeStateMachineTransition_i6be2"), "Run", "Fall", SubResource("AnimationNodeStateMachineTransition_tq4wn"), "Run", "Jump", SubResource("AnimationNodeStateMachineTransition_a1mrp"), "Fall", "HookAiming", SubResource("AnimationNodeStateMachineTransition_hbdw4"), "Jump", "HookAiming", SubResource("AnimationNodeStateMachineTransition_82i0e"), "HookThrow", "HookActivated", SubResource("AnimationNodeStateMachineTransition_tmbk2"), "HookActivated", "Fall", SubResource("AnimationNodeStateMachineTransition_jly34"), "HookActivated", "Land", SubResource("AnimationNodeStateMachineTransition_8qw2w"), "Idle", "Fall", SubResource("AnimationNodeStateMachineTransition_7itvi"), "Walk", "FishingIdle", SubResource("AnimationNodeStateMachineTransition_guwlk"), "FishingIdle", "Walk", SubResource("AnimationNodeStateMachineTransition_yv0l6"), "FishingIdle", "Idle", SubResource("AnimationNodeStateMachineTransition_dfwpx"), "Idle", "FishingIdle", SubResource("AnimationNodeStateMachineTransition_6q4st"), "Gliding", "Idle", SubResource("AnimationNodeStateMachineTransition_sns2q"), "Idle", "Gliding", SubResource("AnimationNodeStateMachineTransition_2n8xp"), "Gliding", "Fall", SubResource("AnimationNodeStateMachineTransition_fo6ag"), "Fall", "Gliding", SubResource("AnimationNodeStateMachineTransition_2t7ye"), "Gliding", "Jump", SubResource("AnimationNodeStateMachineTransition_51ujp"), "Jump", "Gliding", SubResource("AnimationNodeStateMachineTransition_h4rgx"), "Gliding", "Land", SubResource("AnimationNodeStateMachineTransition_d7sat"), "Launched", "Gliding", SubResource("AnimationNodeStateMachineTransition_ctwyr"), "Jump", "Launched", SubResource("AnimationNodeStateMachineTransition_sk64t"), "Launched", "Fall", SubResource("AnimationNodeStateMachineTransition_nllfd"), "Fall", "Launched", SubResource("AnimationNodeStateMachineTransition_7k56d"), "Launched", "Jump", SubResource("AnimationNodeStateMachineTransition_noyb3"), "Idle", "Launched", SubResource("AnimationNodeStateMachineTransition_d0p5w"), "Launched", "Idle", SubResource("AnimationNodeStateMachineTransition_3hph6"), "Jump", "FishingIdle", SubResource("AnimationNodeStateMachineTransition_ix4rs"), "Gliding", "FishingIdle", SubResource("AnimationNodeStateMachineTransition_bfdpt"), "Land", "FishingIdle", SubResource("AnimationNodeStateMachineTransition_b2tqb"), "Fall", "FishingIdle", SubResource("AnimationNodeStateMachineTransition_a2g1g"), "Run", "FishingIdle", SubResource("AnimationNodeStateMachineTransition_o7kdt"), "HookActivated", "FishingIdle", SubResource("AnimationNodeStateMachineTransition_q535k")]
graph_offset = Vector2(69, -198.942)

[sub_resource type="AnimationNodeBlendTree" id="AnimationNodeBlendTree_cxnp0"]
nodes/StateMachine/node = SubResource("AnimationNodeStateMachine_jn46u")
nodes/StateMachine/position = Vector2(160, 80)
nodes/output/position = Vector2(520, 100)
node_connections = [&"output", 0, &"StateMachine"]

[sub_resource type="AnimationNodeAnimation" id="AnimationNodeAnimation_3p1do"]
animation = &"dive"

[sub_resource type="AnimationNodeAnimation" id="AnimationNodeAnimation_tw8bg"]
animation = &"glide"

[sub_resource type="AnimationNodeAnimation" id="AnimationNodeAnimation_2e0v0"]
animation = &"dive_transition"

[sub_resource type="AnimationNodeAnimation" id="AnimationNodeAnimation_2nge0"]
animation = &"dive_transition"
play_mode = 1

[sub_resource type="AnimationNodeStateMachineTransition" id="AnimationNodeStateMachineTransition_a7rih"]
xfade_time = 0.1

[sub_resource type="AnimationNodeStateMachineTransition" id="AnimationNodeStateMachineTransition_datfd"]
xfade_time = 0.1

[sub_resource type="AnimationNodeStateMachineTransition" id="AnimationNodeStateMachineTransition_3eod3"]
advance_mode = 2

[sub_resource type="AnimationNodeStateMachineTransition" id="AnimationNodeStateMachineTransition_bptxp"]
switch_mode = 2
advance_mode = 2

[sub_resource type="AnimationNodeStateMachineTransition" id="AnimationNodeStateMachineTransition_hsogn"]
switch_mode = 2
advance_mode = 2

[sub_resource type="AnimationNodeStateMachine" id="AnimationNodeStateMachine_7k56d"]
states/dive/node = SubResource("AnimationNodeAnimation_3p1do")
states/dive/position = Vector2(573, 116)
states/glide/node = SubResource("AnimationNodeAnimation_tw8bg")
states/glide/position = Vector2(303, 116)
states/to_dive/node = SubResource("AnimationNodeAnimation_2e0v0")
states/to_dive/position = Vector2(438, 82)
states/to_glide/node = SubResource("AnimationNodeAnimation_2nge0")
states/to_glide/position = Vector2(438, 175)
transitions = ["glide", "to_dive", SubResource("AnimationNodeStateMachineTransition_a7rih"), "dive", "to_glide", SubResource("AnimationNodeStateMachineTransition_datfd"), "Start", "glide", SubResource("AnimationNodeStateMachineTransition_3eod3"), "to_dive", "dive", SubResource("AnimationNodeStateMachineTransition_bptxp"), "to_glide", "glide", SubResource("AnimationNodeStateMachineTransition_hsogn")]
graph_offset = Vector2(-14, 22)

[node name="CharacterSkin" type="Node3D" node_paths=PackedStringArray("fishing_rod_models")]
script = ExtResource("1_jn46u")
fishing_rod_models = [null, null, null, null, null, null, null, null]

[node name="HookshotLine" parent="." node_paths=PackedStringArray("hook_source") instance=ExtResource("3_cxnp0")]
unique_name_in_owner = true
hook_source = NodePath("../FishermanModel/Skeleton3D/guide3/guide3")

[node name="FishermanModel" parent="." instance=ExtResource("1_fvxr5")]

[node name="Skeleton3D" parent="FishermanModel" index="0"]
bones/6/rotation = Quaternion(-0.0435779, -0.00190265, -0.0435779, 0.998097)
bones/8/rotation = Quaternion(0.0871557, 0, 0, 0.996195)
bones/12/rotation = Quaternion(-0.0435779, 0.00190265, 0.0435779, 0.998097)
bones/14/rotation = Quaternion(0.0871557, 0, 0, 0.996195)
bones/18/rotation = Quaternion(-0.142611, 0.000554733, -0.135984, 0.980393)
bones/20/rotation = Quaternion(0, 0, 0.130526, 0.991445)
bones/22/rotation = Quaternion(-0.36822, -0.0993026, 0.279213, 0.881245)
bones/24/rotation = Quaternion(-0.581119, -0.447662, 0.358204, 0.577572)
bones/26/rotation = Quaternion(0, 0, 0.19509, 0.980785)
bones/38/rotation = Quaternion(0.0871557, 0, 0, 0.996195)
bones/43/position = Vector3(0.547683, -0.0236058, -0.318622)
bones/45/rotation = Quaternion(-0.0871557, 0, 0, 0.996195)

[node name="torso" parent="FishermanModel/Skeleton3D" index="0"]
transform = Transform3D(1, 0, 0, 0, 1, 0, 0, 0, 1, 0, 0.984375, 0.09375)

[node name="beveled_cuboid" parent="FishermanModel/Skeleton3D" index="1"]
transform = Transform3D(1, 0, 0, 0, 1, 0, 0, 0, 1, 0, 0.957061, -0.183356)

[node name="cuisse" parent="FishermanModel/Skeleton3D" index="2"]
transform = Transform3D(0.996195, 0.0871557, 2.32831e-10, -0.0868241, 0.992404, 0.0871557, 0.00759612, -0.0868241, 0.996195, -0.152236, 0.346124, 0.120883)

[node name="mollet_2" parent="FishermanModel/Skeleton3D" index="3"]
transform = Transform3D(0.996195, 0.0858316, -0.0151344, -0.0868241, 0.992461, -0.0864975, 0.00759612, 0.0874824, 0.996137, -0.179059, 0.0359796, 0.0935443)

[node name="boot" parent="FishermanModel/Skeleton3D" index="4"]
transform = Transform3D(0.996195, 0.0858316, -0.0151344, -0.0868241, 0.992461, -0.0864975, 0.00759612, 0.0874824, 0.996137, -0.183082, -0.010542, 0.0894435)

[node name="cuisse_2" parent="FishermanModel/Skeleton3D" index="5"]
transform = Transform3D(0.996195, -0.0871557, -2.32831e-10, 0.0868241, 0.992404, 0.0871557, -0.00759612, -0.0868241, 0.996195, 0.152236, 0.346124, 0.120883)

[node name="mollet_3" parent="FishermanModel/Skeleton3D" index="6"]
transform = Transform3D(0.996195, -0.0858316, 0.0151344, 0.0868241, 0.992461, -0.0864975, -0.00759612, 0.0874824, 0.996137, 0.179059, 0.0359796, 0.0935443)

[node name="boot_2" parent="FishermanModel/Skeleton3D" index="7"]
transform = Transform3D(0.996195, -0.0858316, 0.0151344, 0.0868241, 0.992461, -0.0864975, -0.00759612, 0.0874824, 0.996137, 0.183082, -0.010542, 0.0894435)

[node name="interior" parent="FishermanModel/Skeleton3D" index="8"]
transform = Transform3D(0.963016, 0.266476, 0.0398733, -0.266793, 0.922341, 0.279479, 0.0376979, -0.279781, 0.959323, -0.311408, 0.920628, 0.158692)

[node name="exterior" parent="FishermanModel/Skeleton3D" index="9"]
transform = Transform3D(0.999171, 0.00814949, 0.0398733, -0.0189827, 0.959964, 0.279479, -0.0359993, -0.280005, 0.959323, -0.315571, 0.906217, 0.163063)

[node name="interior_2" parent="FishermanModel/Skeleton3D" index="10"]
transform = Transform3D(0.824358, -0.41898, -0.380644, 0.565241, 0.572907, 0.593532, -0.0306043, -0.704438, 0.709105, 0.360995, 1.0224, 0.260485)

[node name="exterior_2" parent="FishermanModel/Skeleton3D" index="11"]
transform = Transform3D(-0.147317, 0.436915, -0.887357, 0.788598, -0.489621, -0.372, -0.597001, -0.75457, -0.272421, 0.367542, 1.01345, 0.271491)

[node name="canne_corps" parent="FishermanModel/Skeleton3D" index="12"]
transform = Transform3D(0.887357, 0.0310974, -0.460033, 0.372, 0.5412, 0.754134, 0.272421, -0.840319, 0.468669, 0.280654, 1.02041, 0.544088)

[node name="guide1" parent="FishermanModel/Skeleton3D" index="13"]
transform = Transform3D(-0.460033, -0.0310974, 0.887357, 0.754134, -0.5412, 0.372, 0.468669, 0.840319, 0.272421, 0.295898, 1.53208, -0.20427)

[node name="guide2" parent="FishermanModel/Skeleton3D" index="14"]
transform = Transform3D(-0.460033, -0.0310974, 0.887357, 0.754134, -0.5412, 0.372, 0.468669, 0.840319, 0.272421, 0.312378, 1.76414, -0.574839)

[node name="guide3" parent="FishermanModel/Skeleton3D" index="15"]
transform = Transform3D(-0.460033, -0.0310974, 0.887357, 0.754134, -0.5412, 0.372, 0.468669, 0.840319, 0.272421, 0.340014, 2.16297, -1.20947)

[node name="guide4" parent="FishermanModel/Skeleton3D" index="16"]
transform = Transform3D(-0.460033, -0.0310974, 0.887357, 0.754134, -0.5412, 0.372, 0.468669, 0.840319, 0.272421, 0.327797, 1.98869, -0.931691)

[node name="canne_moulinet" parent="FishermanModel/Skeleton3D" index="17"]
transform = Transform3D(0.0310974, -0.887357, -0.460033, 0.5412, -0.372, 0.754134, -0.840319, -0.272421, 0.468669, 0.306742, 1.41409, 0.0362406)

[node name="canne_spin" parent="FishermanModel/Skeleton3D" index="18"]
transform = Transform3D(-0.271882, 0.372395, -0.887357, 0.899331, -0.229824, -0.372, -0.342467, -0.899168, -0.272421, 0.306742, 1.41409, 0.0362406)

[node name="canne_spin2" parent="FishermanModel/Skeleton3D" index="19"]
transform = Transform3D(0.372395, 0.271882, -0.887357, -0.229824, -0.899331, -0.372, -0.899168, 0.342467, -0.272421, 0.251282, 1.39084, 0.0192143)

[node name="cranium" parent="FishermanModel/Skeleton3D" index="20"]
transform = Transform3D(1, 0, 0, 0, 0.984808, -0.173648, 0, 0.173648, 0.984808, 0, 1.59899, 0.0085675)

[node name="circling" parent="FishermanModel/Skeleton3D" index="21"]
transform = Transform3D(1, 0, 0, 0, 0.984808, -0.173648, 0, 0.173648, 0.984808, 0, 1.68675, 0.110539)

[node name="hat_2" parent="FishermanModel/Skeleton3D" index="22"]
transform = Transform3D(1, 0, 0, 0, 0.984808, -0.173648, 0, 0.173648, 0.984808, 0, 1.65156, 0.104335)

[node name="circle_selection" parent="FishermanModel/Skeleton3D" index="23"]
transform = Transform3D(1, 0, 0, 0, 0.984808, -0.173648, 0, 0.173648, 0.984808, 0, 1.64812, 0.103727)

[node name="fil_2" parent="FishermanModel/Skeleton3D" index="24"]
transform = Transform3D(1, 0, 0, 0, 0.422618, -0.906308, 0, 0.906308, 0.422618, 0, 1.58761, 0.107826)

[node name="AnimationTree" type="AnimationTree" parent="."]
unique_name_in_owner = true
root_node = NodePath("%AnimationTree/../FishermanModel")
tree_root = SubResource("AnimationNodeBlendTree_cxnp0")
anim_player = NodePath("../FishermanModel/AnimationPlayer")

[node name="FlyingFishKite" parent="." instance=ExtResource("4_3eod3")]
transform = Transform3D(1, 0, 0, 0, 1, 0, 0, 0, 1, 0, 1.69097, 0)
visible = false

[node name="wing_left" parent="FlyingFishKite/Node" index="1"]
transform = Transform3D(0.997246, -0.0741787, 0, 0.0741787, 0.997246, 0, 0, 0, 1, 0.470264, -0.0111293, 1.8103)

[node name="small_wing_left" parent="FlyingFishKite/Node" index="2"]
transform = Transform3D(0.997633, 0.068764, 0, -0.068764, 0.997633, 0, 0, 0, 1, 0.470264, -0.0111293, -0.527197)

[node name="wing_right" parent="FlyingFishKite/Node" index="3"]
transform = Transform3D(0.997678, 0.0681206, 0, -0.0681206, 0.997678, 0, 0, 0, 1, -0.529736, -0.0111293, 1.8103)

[node name="small_wing_right" parent="FlyingFishKite/Node" index="4"]
transform = Transform3D(0.997246, -0.0741787, 0, 0.0741787, 0.997246, 0, 0, 0, 1, -0.529736, -0.0111293, -0.527197)

[node name="AnimationTreeKite" type="AnimationTree" parent="."]
unique_name_in_owner = true
root_node = NodePath("%AnimationTreeKite/../FlyingFishKite")
tree_root = SubResource("AnimationNodeStateMachine_7k56d")
anim_player = NodePath("../FlyingFishKite/AnimationPlayer")

[editable path="FishermanModel"]
[editable path="FlyingFishKite"]
