[gd_scene load_steps=48 format=3 uid="uid://uh75ppgcvkw1"]

[ext_resource type="PackedScene" uid="uid://c7qbt24mbmda6" path="res://character/model/fisherman.glb" id="1_fvxr5"]
[ext_resource type="Script" uid="uid://b2j26iqtb2pjg" path="res://character/model/character_skin.gd" id="1_jn46u"]
[ext_resource type="PackedScene" uid="uid://bwt2mpqchi1uh" path="res://character/hookshot/HookshotLine.tscn" id="3_cxnp0"]

[sub_resource type="AnimationNodeAnimation" id="AnimationNodeAnimation_cxnp0"]
animation = &"Fall"

[sub_resource type="AnimationNodeAnimation" id="AnimationNodeAnimation_b55dy"]
animation = &"FishingIdle"

[sub_resource type="AnimationNodeAnimation" id="AnimationNodeAnimation_3eod3"]
animation = &"HookActivated"

[sub_resource type="AnimationNodeAnimation" id="AnimationNodeAnimation_0f3g0"]
animation = &"HookAiming"

[sub_resource type="AnimationNodeAnimation" id="AnimationNodeAnimation_kukn0"]
animation = &"HookThrow"

[sub_resource type="AnimationNodeAnimation" id="AnimationNodeAnimation_jn46u"]
animation = &"Idle"

[sub_resource type="AnimationNodeAnimation" id="AnimationNodeAnimation_bptxp"]
animation = &"Jump"

[sub_resource type="AnimationNodeAnimation" id="AnimationNodeAnimation_d7sat"]
animation = &"Land"

[sub_resource type="AnimationNodeAnimation" id="AnimationNodeAnimation_tjj8n"]
animation = &"Run"

[sub_resource type="AnimationNodeAnimation" id="AnimationNodeAnimation_hsogn"]
animation = &"Walk"

[sub_resource type="AnimationNodeStateMachineTransition" id="AnimationNodeStateMachineTransition_cxnp0"]
advance_mode = 2

[sub_resource type="AnimationNodeStateMachineTransition" id="AnimationNodeStateMachineTransition_0f3g0"]

[sub_resource type="AnimationNodeStateMachineTransition" id="AnimationNodeStateMachineTransition_kukn0"]

[sub_resource type="AnimationNodeStateMachineTransition" id="AnimationNodeStateMachineTransition_tjj8n"]

[sub_resource type="AnimationNodeStateMachineTransition" id="AnimationNodeStateMachineTransition_b55dy"]

[sub_resource type="AnimationNodeStateMachineTransition" id="AnimationNodeStateMachineTransition_wvacc"]

[sub_resource type="AnimationNodeStateMachineTransition" id="AnimationNodeStateMachineTransition_qpp27"]

[sub_resource type="AnimationNodeStateMachineTransition" id="AnimationNodeStateMachineTransition_3p1do"]

[sub_resource type="AnimationNodeStateMachineTransition" id="AnimationNodeStateMachineTransition_2nge0"]

[sub_resource type="AnimationNodeStateMachineTransition" id="AnimationNodeStateMachineTransition_2e0v0"]

[sub_resource type="AnimationNodeStateMachineTransition" id="AnimationNodeStateMachineTransition_tw8bg"]

[sub_resource type="AnimationNodeStateMachineTransition" id="AnimationNodeStateMachineTransition_jsuwq"]

[sub_resource type="AnimationNodeStateMachineTransition" id="AnimationNodeStateMachineTransition_3j8sx"]

[sub_resource type="AnimationNodeStateMachineTransition" id="AnimationNodeStateMachineTransition_oe4wl"]

[sub_resource type="AnimationNodeStateMachineTransition" id="AnimationNodeStateMachineTransition_ulh3n"]

[sub_resource type="AnimationNodeStateMachineTransition" id="AnimationNodeStateMachineTransition_wh50u"]

[sub_resource type="AnimationNodeStateMachineTransition" id="AnimationNodeStateMachineTransition_aaohr"]

[sub_resource type="AnimationNodeStateMachineTransition" id="AnimationNodeStateMachineTransition_hhkty"]

[sub_resource type="AnimationNodeStateMachineTransition" id="AnimationNodeStateMachineTransition_flire"]

[sub_resource type="AnimationNodeStateMachineTransition" id="AnimationNodeStateMachineTransition_i6be2"]

[sub_resource type="AnimationNodeStateMachineTransition" id="AnimationNodeStateMachineTransition_tq4wn"]

[sub_resource type="AnimationNodeStateMachineTransition" id="AnimationNodeStateMachineTransition_a1mrp"]

[sub_resource type="AnimationNodeStateMachineTransition" id="AnimationNodeStateMachineTransition_hbdw4"]

[sub_resource type="AnimationNodeStateMachineTransition" id="AnimationNodeStateMachineTransition_82i0e"]

[sub_resource type="AnimationNodeStateMachineTransition" id="AnimationNodeStateMachineTransition_tmbk2"]

[sub_resource type="AnimationNodeStateMachineTransition" id="AnimationNodeStateMachineTransition_jly34"]

[sub_resource type="AnimationNodeStateMachineTransition" id="AnimationNodeStateMachineTransition_8qw2w"]

[sub_resource type="AnimationNodeStateMachineTransition" id="AnimationNodeStateMachineTransition_7itvi"]

[sub_resource type="AnimationNodeStateMachineTransition" id="AnimationNodeStateMachineTransition_guwlk"]

[sub_resource type="AnimationNodeStateMachineTransition" id="AnimationNodeStateMachineTransition_yv0l6"]

[sub_resource type="AnimationNodeStateMachineTransition" id="AnimationNodeStateMachineTransition_dfwpx"]

[sub_resource type="AnimationNodeStateMachineTransition" id="AnimationNodeStateMachineTransition_6q4st"]

[sub_resource type="AnimationNodeStateMachine" id="AnimationNodeStateMachine_jn46u"]
states/End/position = Vector2(1243, 72)
states/Fall/node = SubResource("AnimationNodeAnimation_cxnp0")
states/Fall/position = Vector2(653, 189)
states/FishingIdle/node = SubResource("AnimationNodeAnimation_b55dy")
states/FishingIdle/position = Vector2(309, -11.9424)
states/HookActivated/node = SubResource("AnimationNodeAnimation_3eod3")
states/HookActivated/position = Vector2(1055, 109)
states/HookAiming/node = SubResource("AnimationNodeAnimation_0f3g0")
states/HookAiming/position = Vector2(764, 109)
states/HookThrow/node = SubResource("AnimationNodeAnimation_kukn0")
states/HookThrow/position = Vector2(909, 109)
states/Idle/node = SubResource("AnimationNodeAnimation_jn46u")
states/Idle/position = Vector2(371, 109)
states/Jump/node = SubResource("AnimationNodeAnimation_bptxp")
states/Jump/position = Vector2(544, 189)
states/Land/node = SubResource("AnimationNodeAnimation_d7sat")
states/Land/position = Vector2(653, 340)
states/Run/node = SubResource("AnimationNodeAnimation_tjj8n")
states/Run/position = Vector2(588, 21)
states/Start/position = Vector2(230, 109)
states/Walk/node = SubResource("AnimationNodeAnimation_hsogn")
states/Walk/position = Vector2(482, 21)
transitions = ["Start", "Idle", SubResource("AnimationNodeStateMachineTransition_cxnp0"), "Idle", "Walk", SubResource("AnimationNodeStateMachineTransition_0f3g0"), "Walk", "Idle", SubResource("AnimationNodeStateMachineTransition_kukn0"), "Walk", "Fall", SubResource("AnimationNodeStateMachineTransition_tjj8n"), "Fall", "Jump", SubResource("AnimationNodeStateMachineTransition_b55dy"), "Jump", "Fall", SubResource("AnimationNodeStateMachineTransition_wvacc"), "Walk", "Jump", SubResource("AnimationNodeStateMachineTransition_qpp27"), "Fall", "Land", SubResource("AnimationNodeStateMachineTransition_3p1do"), "Land", "Idle", SubResource("AnimationNodeStateMachineTransition_2nge0"), "HookAiming", "Fall", SubResource("AnimationNodeStateMachineTransition_2e0v0"), "HookAiming", "Land", SubResource("AnimationNodeStateMachineTransition_tw8bg"), "HookAiming", "HookThrow", SubResource("AnimationNodeStateMachineTransition_jsuwq"), "HookThrow", "Fall", SubResource("AnimationNodeStateMachineTransition_3j8sx"), "HookThrow", "Land", SubResource("AnimationNodeStateMachineTransition_oe4wl"), "Idle", "Jump", SubResource("AnimationNodeStateMachineTransition_ulh3n"), "Jump", "Land", SubResource("AnimationNodeStateMachineTransition_wh50u"), "Idle", "Run", SubResource("AnimationNodeStateMachineTransition_aaohr"), "Run", "Walk", SubResource("AnimationNodeStateMachineTransition_hhkty"), "Walk", "Run", SubResource("AnimationNodeStateMachineTransition_flire"), "Run", "Idle", SubResource("AnimationNodeStateMachineTransition_i6be2"), "Run", "Fall", SubResource("AnimationNodeStateMachineTransition_tq4wn"), "Run", "Jump", SubResource("AnimationNodeStateMachineTransition_a1mrp"), "Fall", "HookAiming", SubResource("AnimationNodeStateMachineTransition_hbdw4"), "Jump", "HookAiming", SubResource("AnimationNodeStateMachineTransition_82i0e"), "HookThrow", "HookActivated", SubResource("AnimationNodeStateMachineTransition_tmbk2"), "HookActivated", "Fall", SubResource("AnimationNodeStateMachineTransition_jly34"), "HookActivated", "Land", SubResource("AnimationNodeStateMachineTransition_8qw2w"), "Idle", "Fall", SubResource("AnimationNodeStateMachineTransition_7itvi"), "Walk", "FishingIdle", SubResource("AnimationNodeStateMachineTransition_guwlk"), "FishingIdle", "Walk", SubResource("AnimationNodeStateMachineTransition_yv0l6"), "FishingIdle", "Idle", SubResource("AnimationNodeStateMachineTransition_dfwpx"), "Idle", "FishingIdle", SubResource("AnimationNodeStateMachineTransition_6q4st")]
graph_offset = Vector2(-60, -83.9424)

[sub_resource type="AnimationNodeBlendTree" id="AnimationNodeBlendTree_cxnp0"]
graph_offset = Vector2(-190.747, -51.5593)
nodes/StateMachine/node = SubResource("AnimationNodeStateMachine_jn46u")
nodes/StateMachine/position = Vector2(160, 80)
nodes/output/position = Vector2(520, 100)
node_connections = [&"output", 0, &"StateMachine"]

[node name="CharacterSkin" type="Node3D"]
script = ExtResource("1_jn46u")

[node name="HookshotLine" parent="." node_paths=PackedStringArray("hook_source") instance=ExtResource("3_cxnp0")]
unique_name_in_owner = true
hook_source = NodePath("../FishermanModel/Skeleton3D/guide3/guide3")

[node name="FishermanModel" parent="." instance=ExtResource("1_fvxr5")]

[node name="Skeleton3D" parent="FishermanModel" index="0"]
bones/6/rotation = Quaternion(-0.0435779, -0.00190265, -0.0435779, 0.998097)
bones/8/rotation = Quaternion(0.0871557, 0, 0, 0.996195)
bones/12/rotation = Quaternion(-0.0435779, 0.00190265, 0.0435779, 0.998097)
bones/14/rotation = Quaternion(0.0871557, 0, 0, 0.996195)
bones/18/rotation = Quaternion(-0.142611, 0.000554733, -0.135984, 0.980393)
bones/20/rotation = Quaternion(0, 0, 0.130526, 0.991445)
bones/22/rotation = Quaternion(-0.384625, -0.104572, 0.277072, 0.874277)
bones/24/rotation = Quaternion(-0.581119, -0.447662, 0.358204, 0.577572)
bones/26/rotation = Quaternion(0, 0, 0.19509, 0.980785)
bones/38/rotation = Quaternion(0.0871557, 0, 0, 0.996195)
bones/43/position = Vector3(0.547683, -0.0221307, -0.318622)
bones/45/rotation = Quaternion(-0.0871557, 0, 0, 0.996195)

[node name="torso" parent="FishermanModel/Skeleton3D" index="0"]
transform = Transform3D(1, 0, 0, 0, 1, 0, 0, 0, 1, 0, 0.984375, 0.09375)

[node name="beveled_cuboid" parent="FishermanModel/Skeleton3D" index="1"]
transform = Transform3D(1, 0, 0, 0, 1, 0, 0, 0, 1, 0, 0.957061, -0.183356)

[node name="cuisse" parent="FishermanModel/Skeleton3D" index="2"]
transform = Transform3D(0.996195, 0.0871557, 2.32831e-10, -0.0868241, 0.992404, 0.0871557, 0.00759612, -0.0868241, 0.996195, -0.152236, 0.346124, 0.120883)

[node name="mollet_2" parent="FishermanModel/Skeleton3D" index="3"]
transform = Transform3D(0.996195, 0.0858316, -0.0151344, -0.0868241, 0.992461, -0.0864975, 0.00759612, 0.0874824, 0.996137, -0.179059, 0.0359796, 0.0935443)

[node name="boot" parent="FishermanModel/Skeleton3D" index="4"]
transform = Transform3D(0.996195, 0.0858316, -0.0151344, -0.0868241, 0.992461, -0.0864975, 0.00759612, 0.0874824, 0.996137, -0.183082, -0.010542, 0.0894435)

[node name="cuisse_2" parent="FishermanModel/Skeleton3D" index="5"]
transform = Transform3D(0.996195, -0.0871557, -2.32831e-10, 0.0868241, 0.992404, 0.0871557, -0.00759612, -0.0868241, 0.996195, 0.152236, 0.346124, 0.120883)

[node name="mollet_3" parent="FishermanModel/Skeleton3D" index="6"]
transform = Transform3D(0.996195, -0.0858316, 0.0151344, 0.0868241, 0.992461, -0.0864975, -0.00759612, 0.0874824, 0.996137, 0.179059, 0.0359796, 0.0935443)

[node name="boot_2" parent="FishermanModel/Skeleton3D" index="7"]
transform = Transform3D(0.996195, -0.0858316, 0.0151344, 0.0868241, 0.992461, -0.0864975, -0.00759612, 0.0874824, 0.996137, 0.183082, -0.010542, 0.0894435)

[node name="interior" parent="FishermanModel/Skeleton3D" index="8"]
transform = Transform3D(0.963016, 0.266476, 0.0398733, -0.266793, 0.922341, 0.279479, 0.0376979, -0.279781, 0.959323, -0.311408, 0.920628, 0.158692)

[node name="exterior" parent="FishermanModel/Skeleton3D" index="9"]
transform = Transform3D(0.999171, 0.00814949, 0.0398733, -0.0189827, 0.959964, 0.279479, -0.0359993, -0.280005, 0.959323, -0.315571, 0.906217, 0.163063)

[node name="interior_2" parent="FishermanModel/Skeleton3D" index="10"]
transform = Transform3D(0.824592, -0.404033, -0.395987, 0.564917, 0.55059, 0.61459, -0.0302882, -0.730485, 0.682257, 0.357258, 1.02798, 0.266996)

[node name="exterior_2" parent="FishermanModel/Skeleton3D" index="11"]
transform = Transform3D(-0.134822, 0.453176, -0.881166, 0.769764, -0.512062, -0.381126, -0.623929, -0.729674, -0.279802, 0.363571, 1.01937, 0.27841)

[node name="cylinder" parent="FishermanModel/Skeleton3D" index="12"]
transform = Transform3D(0.881166, 0.0488643, -0.470274, 0.381126, 0.515211, 0.767659, 0.279802, -0.855669, 0.435363, 0.270863, 1.0346, 0.548743)

[node name="guide1" parent="FishermanModel/Skeleton3D" index="13"]
transform = Transform3D(-0.470274, -0.0488643, 0.881166, 0.767659, -0.515211, 0.381126, 0.435363, 0.855669, 0.279802, 0.30192, 1.5231, -0.214462)

[node name="guide2" parent="FishermanModel/Skeleton3D" index="14"]
transform = Transform3D(-0.470274, -0.0488643, 0.881166, 0.767659, -0.515211, 0.381126, 0.435363, 0.855669, 0.279802, 0.326237, 1.7437, -0.591538)

[node name="guide3" parent="FishermanModel/Skeleton3D" index="15"]
transform = Transform3D(-0.470274, -0.0488643, 0.881166, 0.767659, -0.515211, 0.381126, 0.435363, 0.855669, 0.279802, 0.367294, 2.12292, -1.23737)

[node name="guide4" parent="FishermanModel/Skeleton3D" index="16"]
transform = Transform3D(-0.470274, -0.0488643, 0.881166, 0.767659, -0.515211, 0.381126, 0.435363, 0.855669, 0.279802, 0.349203, 1.95722, -0.954701)

[node name="cylinder_2" parent="FishermanModel/Skeleton3D" index="17"]
transform = Transform3D(0.0488643, -0.881166, -0.470274, 0.515211, -0.381126, 0.767659, -0.855669, -0.279802, 0.435363, 0.307659, 1.41255, 0.0297319)

[node name="cuboid" parent="FishermanModel/Skeleton3D" index="18"]
transform = Transform3D(-0.264854, 0.391661, -0.881166, 0.888116, -0.25689, -0.381126, -0.375634, -0.883521, -0.279802, 0.307659, 1.41255, 0.0297319)

[node name="cuboid_2" parent="FishermanModel/Skeleton3D" index="19"]
transform = Transform3D(0.39166, 0.264854, -0.881167, -0.25689, -0.888116, -0.381126, -0.883521, 0.375635, -0.279802, 0.252586, 1.38873, 0.0122442)

[node name="cranium" parent="FishermanModel/Skeleton3D" index="20"]
transform = Transform3D(1, 0, 0, 0, 0.984808, -0.173648, 0, 0.173648, 0.984808, 0, 1.59899, 0.0085675)

[node name="circling" parent="FishermanModel/Skeleton3D" index="21"]
transform = Transform3D(1, 0, 0, 0, 0.984808, -0.173648, 0, 0.173648, 0.984808, 0, 1.68675, 0.110539)

[node name="hat_2" parent="FishermanModel/Skeleton3D" index="22"]
transform = Transform3D(1, 0, 0, 0, 0.984808, -0.173648, 0, 0.173648, 0.984808, 0, 1.65156, 0.104335)

[node name="circle_selection" parent="FishermanModel/Skeleton3D" index="23"]
transform = Transform3D(1, 0, 0, 0, 0.984808, -0.173648, 0, 0.173648, 0.984808, 0, 1.64957, 0.103983)

[node name="fil_2" parent="FishermanModel/Skeleton3D" index="24"]
transform = Transform3D(1, 0, 0, 0, 0.422618, -0.906308, 0, 0.906308, 0.422618, 0, 1.58761, 0.107826)

[node name="AnimationTree" type="AnimationTree" parent="."]
unique_name_in_owner = true
root_node = NodePath("%AnimationTree/../FishermanModel")
tree_root = SubResource("AnimationNodeBlendTree_cxnp0")
anim_player = NodePath("../FishermanModel/AnimationPlayer")

[editable path="FishermanModel"]
