[gd_scene load_steps=29 format=3 uid="uid://uh75ppgcvkw1"]

[ext_resource type="PackedScene" uid="uid://c7qbt24mbmda6" path="res://character/model/fisherman.glb" id="1_fvxr5"]
[ext_resource type="Script" uid="uid://b2j26iqtb2pjg" path="res://character/model/character_skin.gd" id="1_jn46u"]

[sub_resource type="AnimationNodeAnimation" id="AnimationNodeAnimation_cxnp0"]
animation = &"Fall"

[sub_resource type="AnimationNodeAnimation" id="AnimationNodeAnimation_3eod3"]
animation = &"HookActivate"

[sub_resource type="AnimationNodeAnimation" id="AnimationNodeAnimation_jn46u"]
animation = &"Idle"

[sub_resource type="AnimationNodeAnimation" id="AnimationNodeAnimation_bptxp"]
animation = &"Jump"

[sub_resource type="AnimationNodeAnimation" id="AnimationNodeAnimation_hsogn"]
animation = &"Walk"

[sub_resource type="AnimationNodeStateMachineTransition" id="AnimationNodeStateMachineTransition_cxnp0"]
advance_mode = 2

[sub_resource type="AnimationNodeStateMachineTransition" id="AnimationNodeStateMachineTransition_0f3g0"]

[sub_resource type="AnimationNodeStateMachineTransition" id="AnimationNodeStateMachineTransition_kukn0"]

[sub_resource type="AnimationNodeStateMachineTransition" id="AnimationNodeStateMachineTransition_d7sat"]

[sub_resource type="AnimationNodeStateMachineTransition" id="AnimationNodeStateMachineTransition_tjj8n"]

[sub_resource type="AnimationNodeStateMachineTransition" id="AnimationNodeStateMachineTransition_b55dy"]

[sub_resource type="AnimationNodeStateMachineTransition" id="AnimationNodeStateMachineTransition_wvacc"]

[sub_resource type="AnimationNodeStateMachineTransition" id="AnimationNodeStateMachineTransition_3p1do"]

[sub_resource type="AnimationNodeStateMachineTransition" id="AnimationNodeStateMachineTransition_2nge0"]

[sub_resource type="AnimationNodeStateMachineTransition" id="AnimationNodeStateMachineTransition_2e0v0"]

[sub_resource type="AnimationNodeStateMachineTransition" id="AnimationNodeStateMachineTransition_tw8bg"]

[sub_resource type="AnimationNodeStateMachineTransition" id="AnimationNodeStateMachineTransition_jsuwq"]

[sub_resource type="AnimationNodeStateMachineTransition" id="AnimationNodeStateMachineTransition_3j8sx"]

[sub_resource type="AnimationNodeStateMachineTransition" id="AnimationNodeStateMachineTransition_oe4wl"]

[sub_resource type="AnimationNodeStateMachineTransition" id="AnimationNodeStateMachineTransition_ulh3n"]

[sub_resource type="AnimationNodeStateMachineTransition" id="AnimationNodeStateMachineTransition_wh50u"]

[sub_resource type="AnimationNodeStateMachineTransition" id="AnimationNodeStateMachineTransition_qpp27"]

[sub_resource type="AnimationNodeStateMachineTransition" id="AnimationNodeStateMachineTransition_aaohr"]

[sub_resource type="AnimationNodeStateMachineTransition" id="AnimationNodeStateMachineTransition_hhkty"]

[sub_resource type="AnimationNodeStateMachine" id="AnimationNodeStateMachine_jn46u"]
states/Fall/node = SubResource("AnimationNodeAnimation_cxnp0")
states/Fall/position = Vector2(544, 226)
states/HookActivate/node = SubResource("AnimationNodeAnimation_3eod3")
states/HookActivate/position = Vector2(724, 180)
states/Idle/node = SubResource("AnimationNodeAnimation_jn46u")
states/Idle/position = Vector2(366, 109)
states/Jump/node = SubResource("AnimationNodeAnimation_bptxp")
states/Jump/position = Vector2(366, 226)
states/Start/position = Vector2(230, 109)
states/Walk/node = SubResource("AnimationNodeAnimation_hsogn")
states/Walk/position = Vector2(544, 109)
transitions = ["Start", "Idle", SubResource("AnimationNodeStateMachineTransition_cxnp0"), "Idle", "Walk", SubResource("AnimationNodeStateMachineTransition_0f3g0"), "Walk", "Idle", SubResource("AnimationNodeStateMachineTransition_kukn0"), "Fall", "Walk", SubResource("AnimationNodeStateMachineTransition_d7sat"), "Walk", "Fall", SubResource("AnimationNodeStateMachineTransition_tjj8n"), "Fall", "Jump", SubResource("AnimationNodeStateMachineTransition_b55dy"), "Jump", "Fall", SubResource("AnimationNodeStateMachineTransition_wvacc"), "Fall", "HookActivate", SubResource("AnimationNodeStateMachineTransition_3p1do"), "HookActivate", "Fall", SubResource("AnimationNodeStateMachineTransition_2nge0"), "HookActivate", "Walk", SubResource("AnimationNodeStateMachineTransition_2e0v0"), "Walk", "HookActivate", SubResource("AnimationNodeStateMachineTransition_tw8bg"), "HookActivate", "Idle", SubResource("AnimationNodeStateMachineTransition_jsuwq"), "Idle", "HookActivate", SubResource("AnimationNodeStateMachineTransition_3j8sx"), "Idle", "Jump", SubResource("AnimationNodeStateMachineTransition_oe4wl"), "Jump", "Idle", SubResource("AnimationNodeStateMachineTransition_ulh3n"), "Jump", "Walk", SubResource("AnimationNodeStateMachineTransition_wh50u"), "Walk", "Jump", SubResource("AnimationNodeStateMachineTransition_qpp27"), "Fall", "Idle", SubResource("AnimationNodeStateMachineTransition_aaohr"), "Idle", "Fall", SubResource("AnimationNodeStateMachineTransition_hhkty")]

[sub_resource type="AnimationNodeBlendTree" id="AnimationNodeBlendTree_cxnp0"]
nodes/StateMachine/node = SubResource("AnimationNodeStateMachine_jn46u")
nodes/StateMachine/position = Vector2(160, 80)
nodes/output/position = Vector2(520, 100)
node_connections = [&"output", 0, &"StateMachine"]

[node name="CharacterSkin" type="Node3D"]
script = ExtResource("1_jn46u")

[node name="blockbench_export" parent="." instance=ExtResource("1_fvxr5")]
transform = Transform3D(1, 0, 0, 0, 1, 0, 0, 0, 1, 0, 0, -0.125287)

[node name="Skeleton3D" parent="blockbench_export" index="0"]
bones/4/rotation = Quaternion(-0.0435779, -0.00190265, -0.0435779, 0.998097)
bones/6/rotation = Quaternion(0.0871557, 0, 0, 0.996195)
bones/11/rotation = Quaternion(-0.0435779, 0.00190265, 0.0435779, 0.998097)
bones/13/rotation = Quaternion(0.0871557, 0, 0, 0.996195)
bones/17/rotation = Quaternion(-0.142611, 0.000554733, -0.135984, 0.980393)
bones/19/rotation = Quaternion(0, 0, 0.130526, 0.991445)
bones/21/rotation = Quaternion(-0.364465, -0.0981089, 0.279646, 0.882801)
bones/23/rotation = Quaternion(-0.581119, -0.447662, 0.358204, 0.577572)
bones/25/rotation = Quaternion(0, 0, 0.19509, 0.980785)
bones/37/rotation = Quaternion(0.0871557, 0, 0, 0.996195)
bones/42/position = Vector3(0.547683, -0.0242444, -0.318622)
bones/44/rotation = Quaternion(-0.0871557, 0, 0, 0.996195)

[node name="torso" parent="blockbench_export/Skeleton3D" index="0"]
transform = Transform3D(1, 0, 0, 0, 1, 0, 0, 0, 1, 0, 0.984375, 0.09375)

[node name="cuisse" parent="blockbench_export/Skeleton3D" index="1"]
transform = Transform3D(0.996195, 0.0871557, 2.32831e-10, -0.0868241, 0.992404, 0.0871557, 0.00759612, -0.0868241, 0.996195, -0.152236, 0.346124, 0.120883)

[node name="mollet_2" parent="blockbench_export/Skeleton3D" index="2"]
transform = Transform3D(0.996195, 0.0858316, -0.0151344, -0.0868241, 0.992461, -0.0864975, 0.00759612, 0.0874824, 0.996137, -0.179059, 0.0359796, 0.0935443)

[node name="boot" parent="blockbench_export/Skeleton3D" index="3"]
transform = Transform3D(0.996195, 0.0858316, -0.0151344, -0.0868241, 0.992461, -0.0864975, 0.00759612, 0.0874824, 0.996137, -0.183082, -0.010542, 0.0894435)

[node name="cuisse_2" parent="blockbench_export/Skeleton3D" index="4"]
transform = Transform3D(0.996195, -0.0871557, -2.32831e-10, 0.0868241, 0.992404, 0.0871557, -0.00759612, -0.0868241, 0.996195, 0.152236, 0.346124, 0.120883)

[node name="mollet_3" parent="blockbench_export/Skeleton3D" index="5"]
transform = Transform3D(0.996195, -0.0858316, 0.0151344, 0.0868241, 0.992461, -0.0864975, -0.00759612, 0.0874824, 0.996137, 0.179059, 0.0359796, 0.0935443)

[node name="boot_2" parent="blockbench_export/Skeleton3D" index="6"]
transform = Transform3D(0.996195, -0.0858316, 0.0151344, 0.0868241, 0.992461, -0.0864975, -0.00759612, 0.0874824, 0.996137, 0.183082, -0.010542, 0.0894435)

[node name="interior" parent="blockbench_export/Skeleton3D" index="7"]
transform = Transform3D(0.963016, 0.266476, 0.0398733, -0.266793, 0.922341, 0.279479, 0.0376979, -0.279781, 0.959323, -0.311408, 0.920628, 0.158692)

[node name="exterior" parent="blockbench_export/Skeleton3D" index="8"]
transform = Transform3D(0.999171, 0.00814949, 0.0398733, -0.0189827, 0.959964, 0.279479, -0.0359993, -0.280005, 0.959323, -0.315571, 0.906217, 0.163063)

[node name="interior_2" parent="blockbench_export/Skeleton3D" index="9"]
transform = Transform3D(0.824346, -0.422229, -0.377063, 0.565258, 0.577927, 0.588629, -0.0306209, -0.698371, 0.71508, 0.361807, 1.02114, 0.258968)

[node name="exterior_2" parent="blockbench_export/Skeleton3D" index="10"]
transform = Transform3D(-0.149995, 0.433142, -0.888758, 0.792799, -0.484414, -0.369882, -0.590738, -0.760086, -0.270734, 0.368405, 1.01211, 0.26988)

[node name="cylinder" parent="blockbench_export/Skeleton3D" index="11"]
transform = Transform3D(0.888758, 0.0271789, -0.457571, 0.369882, 0.547073, 0.750931, 0.270734, -0.836643, 0.476162, 0.282836, 1.01718, 0.542935)

[node name="guide1" parent="blockbench_export/Skeleton3D" index="12"]
transform = Transform3D(-0.457571, -0.0271789, 0.888758, 0.750931, -0.547073, 0.369882, 0.476162, 0.836643, 0.270734, 0.294598, 1.53409, -0.201881)

[node name="guide2" parent="blockbench_export/Skeleton3D" index="13"]
transform = Transform3D(-0.457571, -0.0271789, 0.888758, 0.750931, -0.547073, 0.369882, 0.476162, 0.836643, 0.270734, 0.309348, 1.76874, -0.570888)

[node name="guide3" parent="blockbench_export/Skeleton3D" index="14"]
transform = Transform3D(-0.457571, -0.0271789, 0.888758, 0.750931, -0.547073, 0.369882, 0.476162, 0.836643, 0.270734, 0.334022, 2.172, -1.20283)

[node name="guide4" parent="blockbench_export/Skeleton3D" index="15"]
transform = Transform3D(-0.457571, -0.0271789, 0.888758, 0.750931, -0.547073, 0.369882, 0.476162, 0.836643, 0.270734, 0.323102, 1.99578, -0.926228)

[node name="cylinder_2" parent="blockbench_export/Skeleton3D" index="16"]
transform = Transform3D(0.0271789, -0.888758, -0.457571, 0.547073, -0.369882, 0.750931, -0.836643, -0.270734, 0.476162, 0.306573, 1.41441, 0.0377408)

[node name="cuboid" parent="blockbench_export/Skeleton3D" index="17"]
transform = Transform3D(-0.273301, 0.36799, -0.888758, 0.901772, -0.223595, -0.369882, -0.334835, -0.902545, -0.270734, 0.306573, 1.41441, 0.0377408)

[node name="cuboid_2" parent="blockbench_export/Skeleton3D" index="18"]
transform = Transform3D(0.36799, 0.273301, -0.888758, -0.223595, -0.901772, -0.369882, -0.902546, 0.334835, -0.270734, 0.251025, 1.39129, 0.0208199)

[node name="cranium" parent="blockbench_export/Skeleton3D" index="19"]
transform = Transform3D(1, 0, 0, 0, 0.984808, -0.173648, 0, 0.173648, 0.984808, 0, 1.59899, 0.00856723)

[node name="circling" parent="blockbench_export/Skeleton3D" index="20"]
transform = Transform3D(1, 0, 0, 0, 0.984808, -0.173648, 0, 0.173648, 0.984808, 2.25514e-17, 1.65598, 0.105113)

[node name="hat_2" parent="blockbench_export/Skeleton3D" index="21"]
transform = Transform3D(1, 0, 0, 0, 0.984808, -0.173648, 0, 0.173648, 0.984808, 0, 1.65156, 0.104335)

[node name="circle_selection" parent="blockbench_export/Skeleton3D" index="22"]
transform = Transform3D(1, 0, 0, 0, 0.984808, -0.173648, 0, 0.173648, 0.984808, 0, 1.64749, 0.103616)

[node name="fil_2" parent="blockbench_export/Skeleton3D" index="23"]
transform = Transform3D(1, 0, 0, 0, 0.422618, -0.906308, 0, 0.906308, 0.422618, -5.78241e-19, 1.58761, 0.107826)

[node name="AnimationTree" type="AnimationTree" parent="."]
unique_name_in_owner = true
root_node = NodePath("%AnimationTree/../blockbench_export")
tree_root = SubResource("AnimationNodeBlendTree_cxnp0")
anim_player = NodePath("../blockbench_export/AnimationPlayer")

[editable path="blockbench_export"]
